Sample	Date	C (%)	N (%)	O (%)	Na (PPM)	Mg (PPM)	Al (PPM)	Si (PPM)	P	S	Cl (PPM)	K (PPM)	Ca (PPM)	Mn (PPM)	Fe (PPM)	Cu (PPM)	As (PPM)	C (Int)	N (Int)	O (Int)	Na (Int)	Mg (Int)	Al (Int)	Si (Int)	P (Int)	S (Int)	Cl (Int)	K (Int)	Ca (Int)	Mn (Int)	Fe (Int)	Cu (Int)	As (Int)	
2ANSp6_144UZ	09.01.2020 16:57:20	40613037,50	12,94	1,37	351	282	7	4	0,27 %	0,13 %	320	2	4	5	1	0	0	53,3739	0,4638	3,0223	10,2743	4,0308	30,8984	5,7896	0,8093	3,7515	13,2929	0,6886	0,6700	0,1990	0,7238	0,9014	1,1177	
2ANSp7_169	09.01.2020 17:47:01	45992168,75	12,02	1,29	18	47	8	1	414 PPM	138 PPM	34	1	2	6	1	0	0	59,9147	0,4306	2,8325	0,5366	0,6708	34,0138	1,8723	0,1237	0,4055	1,4063	0,2392	0,4311	0,2133	0,7364	0,8847	1,1270	
2ANSp7_170	09.01.2020 17:59:16	45512543,75	11,92	1,29	84	97	8	1	456 PPM	318 PPM	161	1	5	6	2	0	0	59,3315	0,4270	2,8321	2,4670	1,3846	33,7494	2,2980	0,1361	0,9362	6,7038	0,3730	0,8069	0,2128	0,9163	0,8308	1,0773	
2ANSp7_171	09.01.2020 18:11:30	46389562,50	12,25	1,28	14	44	7	1	417 PPM	130 PPM	30	1	3	6	1	0	0	60,3979	0,4388	2,8175	0,3963	0,6258	31,8067	1,8783	0,1245	0,3817	1,2366	0,2587	0,4328	0,2100	0,7387	0,9264	1,0877	
2ANSp7_172	09.01.2020 18:23:46	45371853,13	11,95	1,28	73	90	7	2	454 PPM	343 PPM	183	1	3	6	2	0	0	59,1604	0,4282	2,8282	2,1440	1,2797	31,0608	2,7439	0,1358	1,0082	7,5981	0,4139	0,4995	0,2145	0,8733	0,8195	1,0741	
2ANSp7_173	09.01.2020 18:36:05	45723050,00	11,87	1,29	55	79	7	2	469 PPM	287 PPM	154	1	4	6	2	0	0	59,5874	0,4254	2,8496	1,6238	1,1313	32,5018	3,1932	0,1401	0,8428	6,3949	0,3855	0,7699	0,2248	0,8251	0,9025	1,1496	
2ANSp7_174	09.01.2020 18:48:22	45686590,63	11,88	1,30	73	90	7	2	460 PPM	315 PPM	159	1	3	6	2	0	0	59,5431	0,4255	2,8683	2,1317	1,2888	32,1554	2,7332	0,1375	0,9260	6,6012	0,3974	0,4877	0,2189	0,8383	0,9237	1,1381	
2ANSp7_175	09.01.2020 19:00:37	45259125,00	12,13	1,34	25	87	8	3	638 PPM	170 PPM	32	2	4	6	2	0	0	59,0233	0,4347	2,9549	0,7194	1,2434	34,7249	4,5010	0,1906	0,4985	1,3335	0,5149	0,6102	0,2344	1,2116	0,8699	1,0841	
2ANSp7_176	09.01.2020 19:13:41	45000618,75	11,98	1,35	17	91	8	3	694 PPM	162 PPM	25	2	3	7	3	0	0	58,7090	0,4290	2,9743	0,4874	1,2944	34,3997	5,4131	0,2073	0,4753	1,0370	0,5930	0,5887	0,2415	1,3573	0,9648	1,1149	
2ANSp7_177	09.01.2020 19:25:58	44482237,50	11,85	1,34	96	133	8	3	681 PPM	319 PPM	135	2	4	7	2	0	0	58,0787	0,4246	2,9548	2,7942	1,8944	34,3827	4,9560	0,2035	0,9394	5,6181	0,6513	0,6587	0,2500	1,2770	0,8903	1,0955	
2ANSp7_178	09.01.2020 19:38:18	44744868,75	11,93	1,31	84	117	7	2	555 PPM	372 PPM	206	1	9	6	2	0	0	58,3980	0,4273	2,8786	2,4656	1,6757	32,4514	3,7892	0,1657	1,0952	8,5591	0,4423	1,5903	0,2283	0,8497	0,9193	1,0942	
2ANSp7_179	09.01.2020 19:50:34	46549137,50	12,08	1,27	24	38	7	2	498 PPM	154 PPM	34	1	3	6	2	0	0	60,5919	0,4327	2,7943	0,6990	0,5415	32,4587	2,4534	0,1488	0,4533	1,4313	0,3110	0,4542	0,2173	0,8575	0,8749	1,0557	
2ANSp7_180	09.01.2020 20:02:53	44815840,63	11,91	1,32	78	108	7	3	646 PPM	366 PPM	156	1	3	6	2	0	0	58,4843	0,4267	2,9092	2,2928	1,5414	31,5538	4,5104	0,1930	1,0772	6,4976	0,4705	0,5809	0,2314	1,0090	0,9637	1,1414	
2ANSp7_181	09.01.2020 20:15:15	44713921,88	12,10	1,35	51	73	7	4	899 PPM	316 PPM	61	1	3	6	1	0	0	58,3604	0,4336	2,9788	1,4905	1,0404	28,8219	5,6465	0,2687	0,9303	2,5504	0,2569	0,4548	0,2324	0,6477	0,9191	1,1558	
2ANSp7_182	09.01.2020 20:27:35	43500081,25	11,94	1,34	207	171	7	3	898 PPM	562 PPM	258	1	4	6	1	0	0	56,8844	0,4277	2,9531	6,0630	2,4481	31,5675	4,9861	0,2684	1,6534	10,7265	0,4509	0,6742	0,2252	0,6451	0,9134	1,1347	
2ANSp7_183	09.01.2020 20:39:55	42906746,88	12,17	1,35	254	213	7	3	989 PPM	680 PPM	316	2	4	6	1	0	0	56,1629	0,4359	2,9684	7,4181	3,0460	31,5107	5,4367	0,2954	1,9986	13,1402	0,5219	0,7283	0,2240	0,6869	0,9018	1,1284	
2AEN023	06.01.2020 17:10:47	45403696,88	12,20	1,31	55	81	8	2	748 PPM	282 PPM	88	1	3	6	2	0	0	59,1991	0,4371	2,8838	1,5995	1,1625	33,2951	2,7701	0,2235	0,8303	3,6721	0,3768	0,4853	0,2061	0,8549	0,8818	1,0941	
2AEN024	06.01.2020 17:42:01	45654131,25	12,42	1,30	31	63	8	2	771 PPM	229 PPM	48	1	2	6	2	0	0	59,5036	0,4450	2,8653	0,9151	0,9002	33,2999	2,6165	0,2303	0,6729	2,0138	0,2963	0,4097	0,2149	0,7863	0,8920	1,1304	
2AEN025	06.01.2020 18:13:31	45080853,13	12,20	1,31	82	102	8	2	709 PPM	306 PPM	117	1	2	6	2	0	0	58,8065	0,4372	2,8930	2,4077	1,4624	34,7271	3,1550	0,2118	0,9008	4,8815	0,4397	0,4023	0,2141	0,9434	0,9220	1,1173	
2AEN026	06.01.2020 18:45:08	45584090,63	12,29	1,31	35	69	8	2	829 PPM	225 PPM	52	1	2	6	2	0	0	59,4185	0,4402	2,8848	1,0245	0,9804	34,0115	2,6883	0,2476	0,6610	2,1466	0,3538	0,3416	0,2180	0,8431	0,8906	1,1277	
2AEN027	06.01.2020 19:16:20	45541446,88	12,44	1,30	33	68	8	2	878 PPM	240 PPM	57	1	2	6	2	0	0	59,3666	0,4457	2,8626	0,9707	0,9667	32,6158	3,0492	0,2623	0,7052	2,3740	0,4445	0,3523	0,2146	0,8675	0,8789	1,0848	
2AEN028	06.01.2020 19:47:50	36774065,63	11,25	1,85	130	456	10	21	0,24 %	471 PPM	115	10	7	19	17	0	0	48,7059	0,4031	4,0753	3,8161	6,5033	42,6715	34,4983	0,7173	1,3846	4,7685	3,1888	1,1471	0,6880	8,8984	0,9343	1,1337	
2AEN029	06.01.2020 20:18:51	36697481,25	11,45	1,78	102	416	10	20	0,25 %	442 PPM	198	10	20	18	16	0	0	48,6128	0,4101	3,9308	2,9859	5,9379	44,5016	32,0032	0,7589	1,3001	8,2567	3,1345	3,3972	0,6520	8,3336	0,9507	1,1323	
2AEN030	06.01.2020 20:40:56	36383590,63	11,60	1,87	119	456	10	22	0,24 %	505 PPM	98	10	7	19	17	0	0	48,2311	0,4156	4,1123	3,4731	6,5127	42,6409	34,6850	0,7309	1,4863	4,0592	3,1675	1,1297	0,6951	8,9438	0,9445	1,1928	
2AEN031	06.01.2020 21:03:10	46634196,88	12,22	1,25	5	21	7	0	356 PPM	93 PPM	14	0	1	5	1	0	0	60,6953	0,4378	2,7543	0,1371	0,2974	30,7845	0,4349	0,1062	0,2731	0,5946	0,1376	0,1324	0,1943	0,5301	0,8829	1,0819	
2AEN032	06.01.2020 21:25:23	46399384,38	12,17	1,26	4	22	8	0	343 PPM	89 PPM	13	0	1	5	1	0	0	60,4098	0,4360	2,7746	0,1173	0,3173	32,5273	0,3815	0,1024	0,2619	0,5261	0,1351	0,1359	0,1948	0,5367	0,9012	1,0983	
2AEN033	06.01.2020 21:47:34	46421621,88	12,18	1,25	5	23	8	0	336 PPM	90 PPM	12	0	1	5	1	0	0	60,4368	0,4365	2,7591	0,1399	0,3336	34,1970	0,4441	0,1003	0,2639	0,5049	0,1379	0,1309	0,1906	0,5312	0,8790	1,1114	
2AEN034	06.01.2020 22:09:53	43051065,63	11,73	1,28	343	263	8	0	773 PPM	928 PPM	473	2	3	5	1	0	0	56,3384	0,4204	2,8177	10,0362	3,7608	33,1197	0,4136	0,2309	2,7293	19,6874	0,6010	0,5917	0,1960	0,5765	0,9080	1,1222	
2AEN035	06.01.2020 22:32:44	43129618,75	11,77	1,27	344	256	8	0	823 PPM	927 PPM	496	2	3	6	1	0	0	56,4339	0,4216	2,8006	10,0512	3,6577	32,9318	0,3691	0,2460	2,7272	20,6463	0,6681	0,5999	0,2006	0,5434	0,8723	1,0909	
2AEN036	06.01.2020 22:54:59	44863296,88	12,54	1,30	89	119	7	0	0,11 %	544 PPM	113	1	3	6	1	0	0	58,5420	0,4493	2,8551	2,6073	1,7026	29,9502	0,5920	0,3179	1,5988	4,6907	0,2889	0,5993	0,2040	0,5819	0,8973	1,0819	
2AEN037	06.01.2020 23:07:20	44434409,38	12,83	1,35	59	130	8	1	0,20 %	837 PPM	52	1	3	6	1	0	0	58,0205	0,4597	2,9822	1,7187	1,8569	33,5496	0,8547	0,5861	2,4618	2,1707	0,3406	0,5613	0,2062	0,5954	0,8722	1,0886	
2AEN038	06.01.2020 23:19:37	44686587,50	12,59	1,34	105	140	7	0	0,15 %	777 PPM	93	1	3	6	1	0	0	58,3271	0,4511	2,9581	3,0849	2,0041	30,2533	0,7790	0,4531	2,2837	3,8686	0,2891	0,5426	0,2079	0,6323	0,9697	1,1399	
2AEN039	06.01.2020 23:31:57	44485687,50	12,95	1,34	65	138	7	1	0,18 %	822 PPM	65	1	4	6	1	0	0	58,0828	0,4640	2,9450	1,9060	1,9704	31,4033	0,9095	0,5426	2,4186	2,6897	0,3289	0,6293	0,2125	0,6159	0,8929	1,0979	
2AEN040	06.01.2020 23:44:45	40993453,13	12,74	1,35	332	268	8	0	0,23 %	0,14 %	272	2	4	6	1	0	0	53,8365	0,4564	2,9696	9,7174	3,8240	33,6107	0,8028	0,6987	4,0489	11,3148	0,5940	0,6535	0,2060	0,5779	0,9399	1,0827	
2AEN041	06.01.2020 23:57:03	42004000,00	12,59	1,35	277	229	7	0	0,22 %	0,12 %	221	2	4	6	1	0	0	55,0652	0,4510	2,9728	8,1186	3,2697	32,1541	0,7915	0,6547	3,5494	9,2041	0,5801	0,6097	0,2094	0,6344	0,8883	1,1283	
2AEN042	07.01.2020 00:09:21	44068396,88	13,10	1,37	63	154	7	1	0,22 %	0,10 %	60	1	4	6	1	0	0	57,5754	0,4693	3,0187	1,8504	2,1938	31,4528	0,9110	0,6562	2,9592	2,5150	0,3992	0,6607	0,2152	0,6430	0,8996	1,1375	
2AEN043	07.01.2020 00:21:40	44313109,38	13,51	1,36	53	151	8	1	0,29 %	943 PPM	50	2	3	6	1	0	0	57,8730	0,4841	3,0014	1,5478	2,1563	32,9290	1,3608	0,8704	2,7725	2,0863	0,5343	0,5739	0,2173	0,7136	0,8211	1,0847	
2AEN044	07.01.2020 00:33:58	42517862,50	13,28	1,36	193	201	8	1	0,31 %	0,12 %	167	2	4	6	1	0	0	55,6901	0,4756	2,9969	5,6424	2,8644	34,8297	1,1757	0,9228	3,4281	6,9445	0,6486	0,6676	0,2171	0,6185	0,8782	1,1078	
2AEN045	07.01.2020 00:46:20	43254268,75	13,26	1,36	119	167	8	1	0,29 %	0,10 %	98	1	4	6	1	0	0	56,5855	0,4752	2,9942	3,4705	2,3822	33,3159	1,3316	0,8613	3,0605	4,0616	0,4657	0,6142	0,2124	0,6700	0,8719	1,1225	
2AEN046	07.01.2020 00:58:38	45741221,88	12,55	1,29	52	84	7	1	0,18 %	447 PPM	95	2	4	6	1	0	0	59,6095	0,4496	2,8330	1,5080	1,1943	32,3784	1,6892	0,5518	1,3149	3,9414	0,6910	0,7488	0,2105	0,7101	1,0499	1,1437	
2AEN047	07.01.2020 01:11:28	45089331,25	12,51	1,29	96	130	8	1	0,18 %	574 PPM	181	2	3	6	1	0	0	58,8168	0,4480	2,8423	2,8214	1,8489	32,9163	1,7680	0,5481	1,6880	7,5134	0,7559	0,5413	0,2050	0,6548	0,8771	1,1078	
2AEN048	07.01.2020 01:23:45	44788971,88	12,25	1,29	124	168	7	1	0,15 %	555 PPM	233	2	4	6	1	0	0	58,4516	0,4388	2,8407	3,6290	2,3924	30,6516	1,6437	0,4349	1,6316	9,6826	0,5311	0,7174	0,2112	0,6677	0,9136	1,1097	
2AEN049	07.01.2020 10:10:16	45878525,00	12,39	1,30	36	67	7	1	928 PPM	291 PPM	63	1	4	6	2	0	0	59,7765	0,4440	2,8685	1,0578	0,9545	31,6909	2,0036	0,2774	0,8556	2,6354	0,2794	0,7692	0,2244	0,8487	0,9156	1,1499	
2AEN050	07.01.2020 10:22:38	45150365,63	12,20	1,32	58	90	8	1	969 PPM	340 PPM	93	1	5	6	2	0	0	58,8911	0,4370	2,8992	1,6924	1,2841	34,2208	2,2750	0,2897	0,9984	3,8574	0,3001	0,8314	0,2212	0,8690	0,8910	1,1008	
2AEN050_UZ	08.01.2020 22:23:54	45502734,38	12,53	1,29	59	91	8	1	951 PPM	353 PPM	95	1	5	6	2	0	0	59,3195	0,4489	2,8404	1,7335	1,3027	34,7844	2,2899	0,2841	1,0387	3,9712	0,2866	0,8455	0,2245	0,8954	0,8881	1,1124	
2AEN051	07.01.2020 10:34:57	45067293,75	12,11	1,30	103	133	8	1	851 PPM	410 PPM	161	1	5	6	2	0	0	58,7901	0,4339	2,8618	3,0143	1,8954	33,0333	2,1236	0,2541	1,2044	6,6924	0,3755	0,8279	0,2246	0,8256	0,9029	1,1337	
2AEN052	07.01.2020 10:47:13	40764328,13	11,74	1,60	114	267	9	12	0,17 %	424 PPM	117	5	4	40	10	0	0	53,5578	0,4204	3,5307	3,3249	3,8060	39,2721	19,2103	0,5073	1,2477	4,8743	1,7631	0,7609	1,4472	5,0094	0,9220	1,1571	
2AEN053	07.01.2020 10:59:27	41478268,75	12,04	1,58	49	222	9	11	0,16 %	316 PPM	47	5	4	38	9	0	0	54,4260	0,4312	3,4878	1,4228	3,1628	38,8398	18,1187	0,4891	0,9288	1,9423	1,6011	0,6803	1,3736	4,6546	0,8947	1,1322	
2AEN054	07.01.2020 11:11:40	40463712,50	11,52	1,57	215	324	9	11	0,15 %	532 PPM	230	5	5	37	9	0	0	53,1923	0,4128	3,4660	6,2861	4,6291	38,8886	18,0269	0,4616	1,5640	9,5696	1,7698	0,8269	1,3625	4,7167	0,8908	1,0947	
2AEN055	07.01.2020 11:23:54	40844321,88	11,79	1,61	84	258	9	12	0,17 %	369 PPM	86	6	4	39	10	0	0	53,6551	0,4224	3,5431	2,4501	3,6783	39,7515	20,0341	0,5057	1,0852	3,5861	1,7980	0,7545	1,4159	5,1922	0,9037	1,0844	
2AEN056	07.01.2020 11:36:08	40832593,75	11,49	1,57	131	278	9	11	0,16 %	435 PPM	141	5	4	36	9	0	0	53,6409	0,4117	3,4604	3,8203	3,9752	36,9146	18,2206	0,4732	1,2781	5,8616	1,7081	0,7634	1,3118	4,7472	0,9545	1,1298	
2AEN057	07.01.2020 11:48:24	40802959,38	11,76	1,59	99	262	9	12	0,18 %	393 PPM	105	5	5	37	10	0	0	53,6048	0,4215	3,5134	2,8858	3,7354	40,4650	19,1850	0,5292	1,1548	4,3482	1,7677	0,7817	1,3585	4,9667	0,8972	1,1140	
2AEN1	06.01.2020 11:51:28	45731943,75	10,97	1,30	6	38	8	2	374 PPM	88 PPM	28	1	3	5	2	0	0	59,5982	0,3930	2,8603	0,1668	0,5449	33,7941	2,5695	0,1118	0,2600	1,1657	0,3202	0,5374	0,1933	0,8568	0,8512	1,1043	
2AEN10	06.01.2020 14:11:24	43556615,63	12,22	1,39	107	152	7	3	0,22 %	665 PPM	133	3	4	6	2	0	0	56,9531	0,4377	3,0582	3,1337	2,1730	32,3789	4,3228	0,6535	1,9568	5,5242	0,8778	0,7523	0,2027	0,9111	0,8962	1,1078	
2AEN11	06.01.2020 14:23:41	43993409,38	12,38	1,36	88	121	7	2	0,21 %	652 PPM	120	2	4	5	1	0	0	57,4843	0,4436	2,9988	2,5840	1,7273	31,6705	2,7683	0,6164	1,9185	4,9976	0,6241	0,7469	0,1994	0,6956	0,9069	1,1021	
2AEN12	06.01.2020 14:35:57	44334265,63	12,50	1,38	31	84	8	2	0,21 %	505 PPM	38	2	4	6	2	0	0	57,8987	0,4478	3,0460	0,9106	1,1934	35,0211	3,8835	0,6227	1,4851	1,5887	0,6462	0,6191	0,2007	0,8683	0,8724	1,0833	
2AEN13	06.01.2020 14:48:15	41780850,00	12,25	1,52	77	110	7	11	0,25 %	548 PPM	83	3	3	6	1	0	0	54,7939	0,4390	3,3567	2,2667	1,5675	32,1272	17,2658	0,7350	1,6109	3,4410	0,8992	0,4733	0,2031	0,6619	0,8728	1,1076	
2AEN14	06.01.2020 15:00:33	41186653,13	12,10	1,51	151	154	8	11	0,18 %	617 PPM	167	2	3	6	2	0	0	54,0714	0,4335	3,3271	4,4116	2,1985	32,5353	17,6600	0,5525	1,8140	6,9571	0,7971	0,5562	0,2054	0,9306	0,8390	1,0920	
2AEN15	06.01.2020 15:12:54	40396862,50	12,20	1,56	158	161	8	12	0,22 %	637 PPM	175	3	3	6	2	0	0	53,1110	0,4370	3,4327	4,6361	2,3004	32,5362	19,6815	0,6454	1,8745	7,2686	0,9182	0,5548	0,2075	0,8537	0,8928	1,1153	
2AEN16	06.01.2020 15:25:14	40937921,88	12,33	1,56	110	140	7	13	0,18 %	514 PPM	131	2	3	6	1	0	0	53,7689	0,4418	3,4277	3,2199	2,0041	32,0753	20,6223	0,5515	1,5125	5,4612	0,7051	0,5060	0,2039	0,7518	0,8986	1,1385	
2AEN17	06.01.2020 15:37:33	40203621,88	11,93	1,60	134	155	8	14	0,21 %	583 PPM	148	3	4	6	1	0	0	52,8761	0,4274	3,5257	3,9068	2,2112	32,6385	23,1612	0,6291	1,7148	6,1754	0,9076	0,6262	0,2057	0,7563	1,0271	1,1418	
2AEN18	06.01.2020 15:49:52	41835331,25	12,48	1,58	30	89	7	13	0,20 %	391 PPM	41	2	3	5	1	0	0	54,8601	0,4471	3,4748	0,8839	1,2770	32,0245	21,2220	0,5885	1,1512	1,7017	0,6414	0,5040	0,1997	0,6230	0,9411	1,1268	
2AEN19	06.01.2020 16:02:34	43817996,88	12,23	1,39	64	93	7	5	0,14 %	406 PPM	96	2	2	6	1	0	0	57,2710	0,4383	3,0586	1,8734	1,3309	32,0244	8,6953	0,4323	1,1949	4,0078	0,6037	0,4289	0,2110	0,7317	0,9029	1,1325	
2AEN2	06.01.2020 12:03:45	46246525,00	11,37	1,28	4	28	7	1	361 PPM	100 PPM	31	1	3	5	1	0	0	60,2239	0,4073	2,8304	0,1299	0,4029	31,9237	1,0564	0,1079	0,2933	1,3057	0,2063	0,5193	0,1944	0,6251	0,9224	1,0897	
2AEN20	06.01.2020 16:14:51	43601815,63	12,35	1,38	105	116	8	5	0,12 %	552 PPM	154	2	3	6	1	0	0	57,0081	0,4423	3,0388	3,0813	1,6610	33,7372	8,2774	0,3525	1,6243	6,3866	0,5452	0,4698	0,2092	0,7307	0,8895	1,1272	
2AEN21	06.01.2020 16:27:08	43626831,25	11,95	1,39	70	97	8	6	0,12 %	372 PPM	97	2	3	5	1	0	0	57,0385	0,4281	3,0574	2,0516	1,3910	34,5557	8,9113	0,3728	1,0948	4,0461	0,5128	0,4472	0,1979	0,7173	0,9412	1,0813	
2AEN22	06.01.2020 16:39:28	44867168,75	12,00	1,32	96	106	8	2	757 PPM	367 PPM	144	1	3	6	2	0	0	58,5467	0,4301	2,9050	2,8229	1,5132	34,6065	2,8710	0,2263	1,0780	5,9922	0,4206	0,5358	0,2130	0,9279	0,8206	1,0554	
2AEN234	13.01.2020 16:43:11	46946271,88	12,29	1,26	4	21	7	0	347 PPM	82 PPM	13	0	1	5	1	0	0	61,0748	0,4402	2,7822	0,1079	0,3039	32,1266	0,2373	0,1038	0,2401	0,5451	0,1222	0,1262	0,1981	0,5392	0,9119	1,1113	
2AEN235	13.01.2020 17:05:25	31363181,25	12,26	2,09	158	509	10	18	0,42 %	0,12 %	156	7	11	8	23	0	0	42,1265	0,4394	4,6112	4,6266	7,2724	41,7313	29,1766	1,2434	3,4979	6,4766	2,3904	1,8593	0,2980	11,7812	0,9589	1,1354	
2AEN236	13.01.2020 17:17:43	31255996,88	12,36	2,11	171	521	9	19	0,44 %	0,13 %	169	8	11	8	23	0	0	41,9962	0,4427	4,6461	4,9979	7,4420	40,9541	29,8340	1,3208	3,6886	7,0517	2,5127	1,8785	0,3058	11,8701	0,9695	1,1834	
2AEN237	13.01.2020 17:30:00	32173165,63	12,48	2,07	158	494	9	18	0,41 %	0,12 %	157	7	10	8	22	0	0	43,1114	0,4471	4,5688	4,6098	7,0570	40,6938	28,4571	1,2356	3,4427	6,5308	2,3668	1,7896	0,2981	11,2384	0,9982	1,2019	
2AEN238	13.01.2020 17:42:19	38731456,25	13,52	1,74	61	172	7	10	0,49 %	992 PPM	46	1	6	6	6	0	0	51,0860	0,4843	3,8266	1,7904	2,4561	29,4301	16,2195	1,4632	2,9182	1,9126	0,4551	1,0619	0,2310	3,0902	0,9400	1,1502	
2AEN239	13.01.2020 17:54:56	41305340,63	13,10	1,53	61	122	8	6	0,32 %	631 PPM	48	1	3	6	4	0	0	54,2157	0,4692	3,3724	1,7888	1,7379	33,4168	10,1250	0,9595	1,8564	2,0028	0,3572	0,5844	0,2109	1,8719	0,9166	1,1277	
2AEN240	13.01.2020 18:07:21	35187340,63	13,84	1,87	140	270	6	12	0,59 %	0,24 %	110	2	16	7	8	0	0	46,7765	0,4957	4,1208	4,0852	3,8475	27,0439	19,8136	1,7511	7,1415	4,5882	0,7555	2,8138	0,2555	4,1791	1,0307	1,1777	
2AEN241	13.01.2020 18:19:40	47093728,13	12,06	1,26	4	20	7	0	330 PPM	99 PPM	13	0	1	5	1	0	0	61,2541	0,4319	2,7805	0,1024	0,2919	28,9632	0,3151	0,0985	0,2910	0,5540	0,1221	0,1247	0,1963	0,5121	0,9141	1,1642	
2AEN242	13.01.2020 18:31:57	46950262,50	12,00	1,27	4	21	7	0	338 PPM	85 PPM	13	0	1	5	1	0	0	61,0797	0,4299	2,7895	0,1196	0,2977	32,3451	0,2395	0,1010	0,2508	0,5590	0,1255	0,1343	0,1915	0,5194	0,8686	1,1015	
2AEN243	13.01.2020 18:44:14	46922675,00	12,08	1,26	4	21	8	0	344 PPM	83 PPM	13	0	1	5	1	0	0	61,0461	0,4326	2,7703	0,1135	0,2976	34,1858	0,2846	0,1029	0,2445	0,5358	0,1305	0,1425	0,1998	0,7208	0,8099	1,0665	
2AEN244	13.01.2020 18:56:45	46118453,13	12,08	1,27	54	66	7	1	413 PPM	202 PPM	79	1	2	6	1	0	0	60,0682	0,4327	2,8037	1,5763	0,9436	31,2845	1,2834	0,1233	0,5953	3,2952	0,2666	0,2983	0,2103	0,7001	0,8788	1,0781	
2AEN245	13.01.2020 19:09:03	46053334,38	12,04	1,28	59	74	8	1	419 PPM	219 PPM	91	1	2	6	1	0	0	59,9890	0,4313	2,8275	1,7281	1,0506	34,1174	1,3434	0,1252	0,6451	3,7822	0,2913	0,3550	0,2114	0,7734	0,9489	1,1122	
2AEN246	13.01.2020 19:21:18	45290493,75	11,95	1,27	178	144	7	1	433 PPM	466 PPM	280	1	3	6	1	0	0	59,0615	0,4282	2,8078	5,2201	2,0571	30,5666	1,2705	0,1293	1,3706	11,6342	0,4601	0,5635	0,2180	0,7689	0,9005	1,1114	
2AEN247	14.01.2020 10:02:06	45594387,50	11,88	1,29	82	93	7	1	435 PPM	285 PPM	120	1	4	6	2	0	0	59,4310	0,4256	2,8519	2,3867	1,3326	31,1691	1,9092	0,1301	0,8394	4,9910	0,3586	0,7021	0,2116	0,8132	0,8963	1,0875	
2AEN248	14.01.2020 10:14:25	44961487,50	11,94	1,29	151	136	8	1	460 PPM	411 PPM	222	1	5	6	2	0	0	58,6614	0,4277	2,8399	4,4194	1,9379	34,6819	1,9108	0,1375	1,2091	9,2385	0,4686	0,8317	0,2106	0,8550	0,9305	1,1110	
2AEN249	14.01.2020 10:27:28	45391028,13	11,98	1,29	114	118	8	1	440 PPM	370 PPM	192	1	5	6	2	0	0	59,1837	0,4293	2,8390	3,3373	1,6820	33,4606	1,7690	0,1316	1,0888	7,9689	0,4050	0,8776	0,2110	0,9257	0,8301	1,0620	
2AEN250	14.01.2020 10:40:19	45739821,88	11,98	1,29	65	77	6	1	467 PPM	272 PPM	126	1	3	6	2	0	0	59,6078	0,4292	2,8483	1,9108	1,1025	27,8763	1,8384	0,1394	0,8011	5,2370	0,3085	0,4796	0,2122	1,1274	0,9103	1,1011	
2AEN251	14.01.2020 10:52:36	45988881,25	11,88	1,28	47	66	7	1	465 PPM	225 PPM	91	1	2	6	2	0	0	59,9107	0,4256	2,8266	1,3656	0,9399	32,0311	1,8080	0,1388	0,6617	3,7817	0,2707	0,4312	0,2078	1,1431	0,9005	1,1171	
2AEN252	14.01.2020 11:04:52	45746234,38	12,06	1,28	113	115	8	1	470 PPM	482 PPM	288	1	4	6	2	0	0	59,6156	0,4319	2,8231	3,2937	1,6444	32,5817	1,6854	0,1405	1,4172	11,9977	0,4690	0,6272	0,2110	1,1084	0,8971	1,1499	
2AEN253	14.01.2020 11:17:08	45710700,00	12,11	1,29	63	81	8	1	476 PPM	257 PPM	122	1	3	6	2	0	0	59,5724	0,4337	2,8355	1,8430	1,1562	32,7362	2,1526	0,1422	0,7559	5,0656	0,3688	0,5527	0,2134	0,8197	0,9099	1,1205	
2AEN254	14.01.2020 11:29:24	45594009,38	11,94	1,29	82	89	7	1	448 PPM	295 PPM	139	1	3	6	2	0	0	59,4305	0,4278	2,8380	2,3915	1,2670	32,3654	2,0556	0,1340	0,8681	5,7736	0,3853	0,4357	0,2153	0,8172	0,9346	1,1330	
2AEN255	14.01.2020 11:41:45	45270421,88	11,93	1,28	151	147	8	1	446 PPM	509 PPM	290	2	3	6	1	0	0	59,0370	0,4274	2,8198	4,4129	2,0947	33,8494	1,9243	0,1334	1,4978	12,0856	0,5323	0,5660	0,2095	0,7430	0,8761	1,0877	
2AEN256	14.01.2020 11:54:04	45100587,50	11,95	1,32	93	122	8	2	600 PPM	360 PPM	151	2	4	6	2	0	0	58,8305	0,4282	2,9169	2,7333	1,7412	33,0132	4,0280	0,1791	1,0584	6,2790	0,5355	0,6416	0,2272	1,0948	0,9146	1,1487	
2AEN257	14.01.2020 12:06:22	44668296,88	11,85	1,33	151	147	8	2	586 PPM	425 PPM	219	2	4	6	2	0	0	58,3049	0,4244	2,9215	4,4224	2,0997	33,0374	3,9352	0,1750	1,2511	9,1170	0,5880	0,6753	0,2277	1,0522	0,9843	1,1055	
2AEN258	14.01.2020 12:18:36	45188090,63	11,87	1,32	53	92	8	2	561 PPM	249 PPM	80	1	3	6	2	0	0	58,9369	0,4253	2,8990	1,5477	1,3082	35,4498	3,6865	0,1675	0,7330	3,3328	0,4066	0,5779	0,2217	1,0261	0,9075	1,1139	
2AEN259	14.01.2020 12:30:55	44681512,50	11,82	1,34	95	107	8	3	618 PPM	322 PPM	127	1	3	6	2	0	0	58,3210	0,4234	2,9590	2,7699	1,5323	33,1934	4,2057	0,1846	0,9463	5,2749	0,3991	0,4562	0,2309	0,8172	0,8859	1,1069	
2AEN260	14.01.2020 12:43:13	44818381,25	11,90	1,33	98	103	7	2	596 PPM	298 PPM	119	1	3	6	1	0	0	58,4874	0,4262	2,9221	2,8671	1,4756	30,9105	3,9284	0,1780	0,8765	4,9529	0,4015	0,4664	0,2258	0,7764	0,9254	1,1132	
2AEN261	14.01.2020 12:55:32	44039878,13	11,78	1,31	162	143	7	2	606 PPM	449 PPM	234	1	4	6	1	0	0	57,5408	0,4222	2,8962	4,7309	2,0393	31,2389	3,7083	0,1812	1,3212	9,7534	0,4787	0,6953	0,2243	0,7749	0,8790	1,0842	
2AEN262	14.01.2020 13:07:51	43889909,38	11,95	1,35	121	121	8	3	722 PPM	406 PPM	179	1	4	6	2	0	0	57,3584	0,4282	2,9685	3,5466	1,7262	32,7967	5,4104	0,2157	1,1944	7,4582	0,4686	0,7154	0,2285	0,9917	0,9079	1,1502	
2AEN263	14.01.2020 13:20:48	44842271,88	12,03	1,35	34	72	8	3	721 PPM	237 PPM	49	1	3	6	2	0	0	58,5164	0,4310	2,9680	0,9971	1,0238	32,7682	5,2416	0,2155	0,6961	2,0468	0,3490	0,4874	0,2303	0,9400	0,9048	1,1244	
2AEN264	14.01.2020 13:33:44	43793928,13	11,91	1,34	140	132	7	3	697 PPM	798 PPM	203	1	4	7	2	0	0	57,2417	0,4266	2,9416	4,1107	1,8814	29,0850	5,1741	0,2082	2,3467	8,4297	0,4721	0,7348	0,2418	0,9290	0,9301	1,1782	
2AEN265	14.01.2020 13:46:04	44040546,88	11,94	1,33	144	131	8	2	944 PPM	469 PPM	195	1	3	6	1	0	0	57,5416	0,4279	2,9260	4,2015	1,8689	32,5500	3,9701	0,2819	1,3779	8,1050	0,4109	0,4670	0,2182	0,6326	0,8922	1,0953	
2AEN266	14.01.2020 13:58:23	45134140,63	12,18	1,33	23	51	8	3	828 PPM	245 PPM	35	1	2	6	1	0	0	58,8713	0,4363	2,9199	0,6744	0,7231	33,0737	4,2727	0,2473	0,7207	1,4585	0,2259	0,3163	0,2250	0,7234	0,8182	1,0697	
2AEN267	14.01.2020 14:10:41	43644815,63	11,91	1,31	240	170	7	2	832 PPM	609 PPM	352	2	4	6	1	0	0	57,0604	0,4265	2,8860	7,0312	2,4316	30,7965	3,7147	0,2486	1,7914	14,6354	0,5086	0,6339	0,2190	0,5904	0,9120	1,1025	
2AEN268	14.01.2020 14:23:00	42544575,00	12,17	1,40	126	124	8	6	0,14 %	522 PPM	152	1	3	5	1	0	0	55,7225	0,4360	3,0936	3,6964	1,7710	33,5851	9,5538	0,4226	1,5360	6,3105	0,4782	0,4934	0,1951	0,5372	0,9148	1,0774	
2AEN269	14.01.2020 14:35:19	42295700,00	12,17	1,40	196	170	7	6	0,15 %	666 PPM	243	2	3	6	1	0	0	55,4199	0,4360	3,0862	5,7272	2,4200	29,3996	9,3280	0,4337	1,9583	10,1103	0,5992	0,5789	0,2092	0,5339	0,9161	1,0856	
2AEN270	14.01.2020 14:47:39	42200259,38	11,97	1,38	222	167	7	6	0,14 %	680 PPM	285	2	3	6	1	0	0	55,3039	0,4288	3,0364	6,4921	2,3832	30,7986	8,9584	0,4133	2,0003	11,8707	0,6004	0,5458	0,2069	0,6140	0,9000	1,1106	
2AEN271	14.01.2020 14:59:59	41933603,13	12,54	1,41	197	179	7	5	0,19 %	855 PPM	183	2	3	6	1	0	0	54,9796	0,4492	3,1159	5,7603	2,5513	31,3029	8,2066	0,5744	2,5135	7,6232	0,5752	0,4828	0,2019	0,6066	0,8948	1,1249	
2AEN272	14.01.2020 15:12:19	41295081,25	12,47	1,42	243	204	7	5	0,18 %	950 PPM	233	2	3	6	1	0	0	54,2032	0,4466	3,1322	7,1198	2,9117	31,8116	8,0500	0,5490	2,7937	9,6913	0,5964	0,5182	0,2085	0,5921	0,9087	1,1539	
2AEN273	14.01.2020 15:24:39	40645178,13	12,18	1,41	397	340	7	5	0,18 %	0,13 %	427	2	4	6	1	0	0	53,4130	0,4365	3,0995	11,6023	4,8507	29,3224	7,6668	0,5428	3,7826	17,7612	0,7793	0,7620	0,2075	0,5843	0,9093	1,1416	
2AEN274	14.01.2020 15:36:59	41446525,00	12,67	1,40	295	264	7	3	0,24 %	0,12 %	281	2	4	6	1	0	0	54,3874	0,4539	3,0820	8,6327	3,7630	29,7781	5,1421	0,7177	3,5424	11,7027	0,6328	0,6885	0,2031	0,6615	0,8355	1,0766	
2AEN275	14.01.2020 15:50:04	40981718,75	12,54	1,39	319	271	8	3	0,25 %	0,12 %	293	2	4	5	1	0	0	53,8222	0,4494	3,0643	9,3384	3,8616	32,6653	4,9398	0,7321	3,6177	12,2090	0,6438	0,6950	0,1967	0,5773	1,0158	1,1405	
2AEN276	14.01.2020 16:02:25	41372303,13	12,46	1,38	321	281	7	3	0,22 %	0,12 %	307	2	4	6	1	0	0	54,2971	0,4462	3,0475	9,3925	4,0094	30,2830	4,6673	0,6664	3,5805	12,7737	0,5654	0,6820	0,2055	0,5461	0,9053	1,1116	
2AEN3	06.01.2020 12:16:01	46509578,13	11,16	1,28	4	25	7	1	347 PPM	90 PPM	19	1	2	5	1	0	0	60,5438	0,3998	2,8247	0,1282	0,3572	30,1078	0,8539	0,1038	0,2649	0,7861	0,1734	0,3151	0,1993	0,5886	0,9021	1,0740	
2AEN4	06.01.2020 12:28:17	46729296,88	11,50	1,26	3	19	8	0	330 PPM	113 PPM	13	0	1	5	1	0	0	60,8110	0,4120	2,7758	0,0965	0,2776	32,7034	0,1724	0,0985	0,3326	0,5229	0,1292	0,1098	0,1947	0,5178	0,9184	1,1267	
2AEN5	06.01.2020 12:40:33	46850281,25	11,53	1,27	3	20	8	0	344 PPM	95 PPM	13	0	1	5	1	0	0	60,9581	0,4129	2,7873	0,1018	0,2837	33,2757	0,1636	0,1029	0,2795	0,5215	0,1130	0,1075	0,1921	0,4884	0,8712	1,0949	
2AEN6	06.01.2020 12:52:49	47002259,38	11,57	1,26	3	19	7	0	346 PPM	97 PPM	11	0	1	5	1	0	0	61,1429	0,4144	2,7767	0,0943	0,2783	31,4370	0,1727	0,1034	0,2842	0,4526	0,1106	0,1189	0,1995	0,5354	0,8968	1,1381	
2AEN7	06.01.2020 13:34:26	43925312,50	12,86	1,41	50	96	8	2	0,25 %	631 PPM	61	2	7	6	2	0	0	57,4015	0,4608	3,1046	1,4723	1,3736	32,8702	3,3432	0,7513	1,8559	2,5370	0,7655	1,2166	0,2031	0,9773	0,9306	1,1399	
2AEN8	06.01.2020 13:46:47	44324687,50	12,63	1,41	29	84	8	2	0,25 %	548 PPM	37	2	8	5	2	0	0	57,8871	0,4525	3,1045	0,8422	1,1958	33,1653	3,0333	0,7350	1,6119	1,5309	0,6695	1,3203	0,1986	0,7906	0,8628	1,1104	
2AEN9	06.01.2020 13:59:06	43220462,50	12,28	1,47	33	113	8	5	0,25 %	555 PPM	34	3	7	6	3	0	0	56,5444	0,4398	3,2366	0,9567	1,6141	33,8565	7,4040	0,7450	1,6310	1,4314	1,0424	1,2835	0,2098	1,5393	0,8392	1,0776	
2AEN_196	13.01.2020 15:41:41	12456653,13	14,18	3,56	76	687	5	98	1,74 %	0,34 %	30	3	13	7	2	0	0	19,1371	0,5080	7,8366	2,2269	9,8055	22,2884	157,9120	5,2016	9,9187	1,2279	0,8971	2,3050	0,2561	1,0621	1,0281	1,1595	
2AEN_197	13.01.2020 15:53:56	26300353,13	14,74	2,50	84	394	6	38	1,01 %	0,20 %	35	2	8	6	2	0	0	35,9703	0,5280	5,5010	2,4509	5,6246	27,1366	61,6399	3,0071	5,8570	1,4486	0,5926	1,3615	0,2319	0,8926	0,9733	1,1992	
2AEN_198	13.01.2020 16:06:17	42643918,75	13,02	1,49	12	93	7	5	0,23 %	493 PPM	29	1	4	6	2	0	0	55,8433	0,4666	3,2838	0,3497	1,3213	32,3930	7,6300	0,6759	1,4492	1,1984	0,2389	0,7488	0,2033	1,0520	0,9581	1,1116	
2AEN_232	13.01.2020 16:18:37	46934556,25	12,23	1,25	4	23	8	0	332 PPM	89 PPM	14	0	1	5	1	0	0	61,0606	0,4382	2,7516	0,1218	0,3238	33,3859	0,2405	0,0993	0,2627	0,5911	0,1193	0,1326	0,1957	0,5260	0,8566	1,0827	
2AEN_233	13.01.2020 16:30:54	46970506,25	12,09	1,26	4	22	7	0	371 PPM	91 PPM	16	0	1	5	1	0	0	61,1043	0,4332	2,7722	0,1196	0,3088	32,2360	0,2746	0,1108	0,2683	0,6530	0,1206	0,1218	0,1900	0,5224	0,9083	1,1456	
2AENbl.box2_A	07.01.2020 20:32:36	46959984,38	12,10	1,26	3	19	8	0	343 PPM	101 PPM	13	0	1	5	1	0	0	61,0915	0,4333	2,7819	0,1023	0,2730	33,0147	0,1848	0,1023	0,2967	0,5387	0,1276	0,1109	0,1945	0,5119	0,9076	1,1141	
2AENbl.box2_B	07.01.2020 20:44:53	47142371,88	12,19	1,26	4	19	7	0	339 PPM	105 PPM	12	0	1	5	1	0	0	61,3132	0,4369	2,7696	0,1032	0,2725	30,7820	0,2014	0,1014	0,3080	0,5036	0,1257	0,1159	0,1959	0,5964	0,8150	1,0755	
2AENbl.box2_C	08.01.2020 22:11:40	47405993,75	12,16	1,26	3	19	7	0	335 PPM	103 PPM	12	0	1	5	1	0	0	61,6338	0,4357	2,7687	0,0962	0,2698	31,5656	0,1528	0,1000	0,3024	0,4872	0,1167	0,1102	0,1943	0,4865	0,9549	1,1110	
2AENbl.box3_223	13.01.2020 13:50:01	47167268,75	12,08	1,26	3	19	7	0	325 PPM	91 PPM	12	0	1	5	1	0	0	61,3435	0,4329	2,7671	0,0985	0,2752	31,3967	0,1630	0,0970	0,2689	0,5029	0,1132	0,1079	0,1885	0,4826	0,8600	1,1090	
2AENbl.box3_224	13.01.2020 14:02:34	47056146,88	12,14	1,26	3	19	7	0	333 PPM	94 PPM	11	0	1	5	1	0	0	61,2084	0,4350	2,7689	0,0928	0,2721	32,0090	0,2165	0,0994	0,2762	0,4680	0,1231	0,1139	0,1924	0,4956	0,8959	1,0951	
2AENbl.box3_225	13.01.2020 14:15:31	47019696,88	12,10	1,26	3	19	7	0	332 PPM	93 PPM	11	0	1	5	1	0	0	61,1641	0,4335	2,7861	0,0946	0,2770	31,2873	0,2172	0,0992	0,2722	0,4564	0,1182	0,1153	0,1988	0,5978	0,8204	1,0629	
2AENmq_205	13.01.2020 10:08:19	46912471,88	12,10	1,25	4	22	7	0	342 PPM	90 PPM	13	0	1	5	1	0	0	61,0337	0,4336	2,7613	0,1136	0,3118	30,4498	0,2788	0,1022	0,2650	0,5493	0,1213	0,1724	0,1989	0,5195	0,8890	1,1002	
2AENmq_206	13.01.2020 10:21:03	46872953,13	12,27	1,26	5	24	7	0	353 PPM	360 PPM	19	0	2	6	1	0	0	60,9856	0,4394	2,7765	0,1419	0,3371	28,1871	0,3786	0,1055	1,0593	0,8032	0,1327	0,2940	0,2086	0,5363	0,9182	1,1817	
2AENmq_207	13.01.2020 10:33:19	46968575,00	11,99	1,26	4	20	6	0	349 PPM	91 PPM	17	0	1	5	1	0	0	61,1019	0,4296	2,7677	0,1035	0,2916	27,8714	0,3371	0,1042	0,2680	0,7065	0,1202	0,1456	0,1967	0,5206	0,8945	1,1126	
2AENp1_10UZ	10.01.2020 10:23:30	43927946,88	12,29	1,37	107	153	8	3	0,21 %	648 PPM	132	2	4	5	2	0	0	57,4047	0,4402	3,0241	3,1268	2,1798	33,2025	4,3413	0,6319	1,9048	5,5122	0,7962	0,7409	0,1998	0,9344	0,9019	1,1192	
2AENp1_27UZ	10.01.2020 10:35:46	46171859,38	11,97	1,28	31	66	7	2	782 PPM	228 PPM	54	1	2	6	2	0	0	60,1331	0,4287	2,8206	0,9196	0,9450	31,6802	3,0777	0,2338	0,6703	2,2314	0,4056	0,3406	0,2163	0,8641	0,9040	1,0700	
2AENp1_29UZ	10.01.2020 10:47:58	37131487,50	11,35	1,76	101	420	11	20	0,23 %	434 PPM	187	9	20	18	16	0	0	49,1405	0,4065	3,8788	2,9636	5,9910	46,1544	32,3924	0,6849	1,2772	7,7966	2,9683	3,4874	0,6441	8,4037	0,9795	1,1214	
2AENp1_30UZ	10.01.2020 11:00:07	36994134,38	11,32	1,86	119	459	11	22	0,25 %	433 PPM	95	10	7	19	17	0	0	48,9735	0,4055	4,0958	3,4885	6,5490	45,7161	34,9256	0,7343	1,2740	3,9618	3,1629	1,1419	0,7092	9,0438	0,9434	1,1707	
2AENp1_7UZ	10.01.2020 10:10:50	44470606,25	12,69	1,38	50	98	8	2	0,25 %	605 PPM	60	2	7	6	2	0	0	58,0645	0,4547	3,0501	1,4769	1,3971	33,5564	3,3341	0,7572	1,7792	2,4799	0,7423	1,2249	0,2034	0,9540	0,8999	1,1067	
2AENp2_37UZ	10.01.2020 11:12:54	44658390,63	12,91	1,33	57	129	8	1	0,19 %	821 PPM	51	1	3	6	1	0	0	58,2928	0,4626	2,9357	1,6822	1,8479	32,9729	0,8749	0,5608	2,4136	2,1067	0,3070	0,5488	0,2074	0,6144	0,8773	1,1252	
2AENp2_46UZ	10.01.2020 11:25:09	45854415,63	12,34	1,27	50	83	7	1	0,16 %	412 PPM	93	2	4	6	1	0	0	59,7472	0,4422	2,7987	1,4751	1,1823	31,1644	1,6827	0,4876	1,2125	3,8623	0,5442	0,7188	0,2089	0,6848	0,9519	1,1033	
2AENp2_47UZ	10.01.2020 11:37:24	45403103,13	12,28	1,28	97	131	8	1	0,17 %	544 PPM	176	2	3	6	1	0	0	59,1984	0,4398	2,8098	2,8434	1,8703	34,0979	2,0045	0,4944	1,5986	7,3024	0,5912	0,5391	0,2061	0,7570	0,8158	1,0794	
2AENp3_049	07.01.2020 12:00:42	47077740,63	11,94	1,26	4	23	7	0	359 PPM	87 PPM	14	0	1	5	1	0	0	61,2347	0,4276	2,7718	0,1292	0,3243	32,2065	0,3635	0,1072	0,2573	0,5915	0,1464	0,1251	0,1940	0,5673	0,9357	1,1318	
2AENp3_050	07.01.2020 12:12:58	46919109,38	11,99	1,26	4	23	8	0	351 PPM	80 PPM	11	0	1	5	1	0	0	61,0418	0,4297	2,7789	0,1196	0,3226	34,0861	0,4153	0,1047	0,2359	0,4529	0,1172	0,1207	0,1911	0,6277	0,8184	1,0576	
2AENp3_051	07.01.2020 12:25:16	47111978,13	12,00	1,27	4	22	7	0	350 PPM	93 PPM	13	0	1	5	1	0	0	61,2763	0,4300	2,7958	0,1298	0,3167	30,9205	0,3484	0,1046	0,2731	0,5497	0,1263	0,1303	0,1951	0,5219	0,8781	1,0792	
2AENp3_052	07.01.2020 12:38:06	43411643,75	12,31	1,30	210	198	7	1	0,14 %	677 PPM	279	2	3	6	1	0	0	56,7769	0,4410	2,8678	6,1451	2,8275	30,7394	1,7207	0,4239	1,9896	11,6229	0,4868	0,5463	0,2008	0,6014	0,8796	1,1124	
2AENp3_053	07.01.2020 12:50:25	44017959,38	11,93	1,30	162	147	7	1	0,13 %	574 PPM	222	2	3	6	1	0	0	57,5141	0,4274	2,8604	4,7273	2,1029	30,8648	1,5979	0,3834	1,6866	9,2162	0,4880	0,5996	0,2082	0,6124	0,9373	1,1258	
2AENp3_054	07.01.2020 13:02:44	44105912,50	12,25	1,31	141	145	7	1	0,12 %	532 PPM	182	1	2	5	1	0	0	57,6211	0,4390	2,8797	4,1305	2,0700	31,9270	1,6327	0,3561	1,5644	7,5676	0,3653	0,4194	0,1934	0,5476	0,8734	1,0542	
2AENp3_055	07.01.2020 13:15:03	43350431,25	12,04	1,31	129	145	8	1	0,12 %	508 PPM	264	1	15	5	1	0	0	56,7024	0,4312	2,8900	3,7707	2,0683	34,1116	1,9253	0,3708	1,4939	10,9979	0,3376	2,5428	0,1911	0,5902	0,8761	1,1134	
2AENp3_056	07.01.2020 13:27:25	43054315,63	11,96	1,32	290	286	7	1	0,13 %	903 PPM	447	2	4	6	1	0	0	56,3424	0,4284	2,9041	8,4897	4,0880	31,0871	1,8977	0,3785	2,6558	18,5866	0,6293	0,6731	0,2051	0,6383	0,8826	1,1094	
2AENp3_057	07.01.2020 13:39:44	44849453,13	12,33	1,31	107	136	7	1	0,12 %	472 PPM	153	1	3	5	1	0	0	58,5252	0,4416	2,8929	3,1317	1,9484	31,2615	1,9398	0,3463	1,3871	6,3670	0,3342	0,4394	0,1997	0,6722	0,8343	1,0648	
2AENp3_058	07.01.2020 13:52:03	44150037,50	12,70	1,33	47	89	7	1	0,18 %	367 PPM	100	1	9	6	1	0	0	57,6747	0,4550	2,9271	1,3758	1,2672	31,2795	2,2761	0,5301	1,0797	4,1539	0,3224	1,4767	0,2329	0,5971	0,9028	1,1050	
2AENp3_059	07.01.2020 14:04:23	45147775,00	12,52	1,34	40	72	6	1	0,18 %	374 PPM	49	1	2	6	1	0	0	58,8879	0,4487	2,9477	1,1738	1,0230	27,7336	2,2412	0,5426	1,1009	2,0188	0,3453	0,3411	0,2347	0,5919	0,9117	1,1146	
2AENp3_060	07.01.2020 14:16:43	43280906,25	12,49	1,33	176	150	7	1	0,20 %	571 PPM	183	2	2	6	1	0	0	56,6179	0,4476	2,9265	5,1485	2,1426	32,3453	2,2419	0,5934	1,6785	7,6027	0,4914	0,4293	0,2320	0,6146	0,9291	1,1196	
2AENp3_061	07.01.2020 14:29:02	42341993,75	12,47	1,35	244	208	7	1	0,19 %	741 PPM	240	2	3	6	1	0	0	55,4762	0,4467	2,9741	7,1445	2,9704	32,0522	2,1146	0,5566	2,1795	9,9761	0,5371	0,4980	0,2326	0,6393	0,9051	1,1251	
2AENp3_062	07.01.2020 14:41:23	42021575,00	12,40	1,35	263	207	8	1	0,19 %	685 PPM	245	2	3	6	1	0	0	55,0866	0,4441	2,9653	7,6905	2,9565	33,9992	2,2161	0,5548	2,0150	10,1983	0,5608	0,4750	0,2336	0,6028	0,8922	1,0953	
2AENp3_063	07.01.2020 14:53:42	41764615,63	12,21	1,34	292	219	8	1	0,21 %	768 PPM	278	3	3	7	1	0	0	54,7742	0,4374	2,9575	8,5524	3,1210	33,1407	2,1624	0,6276	2,2577	11,5628	0,8403	0,5014	0,2369	0,5963	0,8774	1,1177	
2AENp3_064	07.01.2020 15:06:04	43007893,75	12,26	1,35	199	179	8	2	0,14 %	588 PPM	211	2	2	7	1	0	0	56,2859	0,4394	2,9738	5,8221	2,5506	34,4003	2,9013	0,4095	1,7283	8,7716	0,4873	0,4158	0,2372	0,6753	0,8777	1,1250	
2AENp3_065	07.01.2020 15:18:23	42920221,88	12,43	1,35	213	186	8	2	0,17 %	687 PPM	235	2	3	7	1	0	0	56,1793	0,4453	2,9702	6,2281	2,6567	33,2307	2,7920	0,5159	2,0200	9,7856	0,7256	0,4623	0,2384	0,6664	1,0048	1,1374	
2AENp3_066	07.01.2020 15:30:44	43066415,63	12,36	1,35	199	187	8	2	0,14 %	661 PPM	214	2	3	7	1	0	0	56,3571	0,4429	2,9762	5,8338	2,6652	32,8497	3,0329	0,4259	1,9439	8,8873	0,4956	0,4403	0,2407	0,7668	0,8212	1,0825	
2AENp3_067	07.01.2020 15:43:33	42863725,00	12,06	1,35	201	180	7	2	0,15 %	593 PPM	216	2	3	7	1	0	0	56,1106	0,4319	2,9699	5,8859	2,5750	30,5500	3,8562	0,4429	1,7438	8,9753	0,5440	0,4584	0,2699	0,7678	0,8914	1,1427	
2AENp3_068	07.01.2020 15:55:51	42212578,13	12,06	1,33	322	260	7	2	0,14 %	766 PPM	366	2	3	7	2	0	0	55,3189	0,4321	2,9266	9,4251	3,7058	32,3728	3,5351	0,4323	2,2533	15,2257	0,6714	0,5906	0,2590	0,7927	0,8773	1,0935	
2AENp3_069	07.01.2020 16:08:12	44966128,13	12,61	1,36	52	90	8	2	0,14 %	351 PPM	57	1	2	7	1	0	0	58,6670	0,4516	2,9982	1,5240	1,2798	33,3928	3,6252	0,4166	1,0327	2,3883	0,4030	0,3193	0,2625	0,7207	0,9524	1,0991	
2AENp3_070	07.01.2020 16:20:31	43355884,38	11,93	1,41	92	153	8	5	981 PPM	329 PPM	116	3	3	11	3	0	0	56,7091	0,4274	3,0983	2,6928	2,1834	35,7151	8,5106	0,2931	0,9675	4,8395	0,8208	0,5614	0,3918	1,7967	0,9403	1,1278	
2AENp3_071	07.01.2020 16:32:50	43054034,38	11,80	1,39	138	169	8	5	926 PPM	408 PPM	179	3	3	11	3	0	0	56,3420	0,4226	3,0696	4,0450	2,4186	35,7969	7,5798	0,2767	1,1996	7,4664	0,8151	0,5574	0,3897	1,6660	0,8973	1,1231	
2AENp3_072	07.01.2020 16:45:07	43354262,50	11,93	1,39	154	163	7	5	913 PPM	379 PPM	196	2	3	11	3	0	0	56,7071	0,4274	3,0721	4,5143	2,3206	31,6521	7,6813	0,2729	1,1156	8,1526	0,7798	0,5668	0,3838	1,6343	0,9123	1,1000	
2AENp3_073	07.01.2020 16:57:20	39866478,13	11,65	1,67	72	304	10	15	0,14 %	311 PPM	65	7	5	28	10	0	0	52,4661	0,4175	3,6891	2,0995	4,3370	44,0854	23,4124	0,4126	0,9136	2,6896	2,2570	0,8238	1,0062	5,0948	0,8887	1,0888	
2AENp3_074	07.01.2020 17:09:31	39233118,75	11,48	1,73	74	339	10	17	0,15 %	306 PPM	59	8	5	31	12	0	0	51,6960	0,4112	3,8159	2,1677	4,8462	44,2237	26,9694	0,4617	0,8991	2,4348	2,6696	0,9211	1,1154	5,9862	0,9234	1,1426	
2AENp3_075	07.01.2020 17:21:43	39305562,50	11,53	1,67	195	380	10	15	0,15 %	462 PPM	202	8	6	28	10	0	0	51,7841	0,4129	3,6888	5,7166	5,4301	43,1957	23,8339	0,4375	1,3575	8,3874	2,4851	1,0160	1,0333	5,3121	0,9228	1,1461	
2AENp3_61UZ	10.01.2020 11:49:45	42697731,25	12,34	1,32	250	211	8	1	0,17 %	746 PPM	243	2	3	6	1	0	0	55,9088	0,4421	2,9130	7,3099	3,0139	32,9002	2,1111	0,5226	2,1950	10,1085	0,4962	0,4973	0,2354	0,5967	0,8861	1,1280	
2AENp3_63UZ	10.01.2020 12:02:04	42241193,75	12,27	1,32	293	220	7	1	0,18 %	732 PPM	272	2	3	6	1	0	0	55,3536	0,4395	2,9139	8,5763	3,1393	31,3489	2,2140	0,5375	2,1527	11,3342	0,6159	0,5021	0,2352	0,7040	0,8326	1,0716	
2AENp3_65UZ	10.01.2020 12:14:23	43473725,00	12,25	1,32	211	186	8	2	0,15 %	648 PPM	227	2	3	7	1	0	0	56,8523	0,4389	2,9102	6,1785	2,6507	32,7250	2,7738	0,4581	1,9065	9,4266	0,5889	0,4407	0,2375	0,6405	0,8900	1,1160	
2AENp4_076	07.01.2020 17:43:53	46592318,75	12,19	1,26	6	22	7	0	340 PPM	90 PPM	16	0	1	5	1	0	0	60,6444	0,4367	2,7656	0,1699	0,3160	32,1352	0,3946	0,1017	0,2656	0,6535	0,1385	0,1505	0,1933	0,5238	0,8623	1,0986	
2AENp4_077	07.01.2020 18:06:05	46435165,63	12,20	1,25	7	24	8	0	329 PPM	108 PPM	18	0	1	5	1	0	0	60,4533	0,4370	2,7591	0,2036	0,3376	32,7117	0,4024	0,0984	0,3173	0,7537	0,1368	0,1553	0,1933	0,5093	0,8584	1,0737	
2AENp4_078	07.01.2020 18:29:05	46660212,50	12,09	1,25	5	22	8	0	330 PPM	88 PPM	14	0	1	5	1	0	0	60,7270	0,4333	2,7579	0,1327	0,3100	33,4995	0,2958	0,0986	0,2602	0,5710	0,1297	0,1617	0,1916	0,5513	0,9282	1,1271	
2AENp4_079	07.01.2020 18:41:51	44085193,75	12,43	1,36	83	122	8	3	0,17 %	477 PPM	92	1	3	5	1	0	0	57,5959	0,4452	2,9978	2,4167	1,7440	33,6289	4,2665	0,5134	1,4033	3,8167	0,3625	0,4533	0,1963	0,7112	0,8741	1,0859	
2AENp4_080	07.01.2020 18:54:10	41502375,00	12,58	1,36	312	269	8	3	0,19 %	900 PPM	346	2	4	5	1	0	0	54,4553	0,4506	2,9953	9,1247	3,8387	33,6030	4,4726	0,5820	2,6465	14,3884	0,6699	0,7112	0,1954	0,7677	0,8753	1,0987	
2AENp4_081	07.01.2020 19:06:29	43034381,25	12,52	1,36	186	174	7	3	0,19 %	648 PPM	205	2	3	5	1	0	0	56,3181	0,4484	2,9884	5,4354	2,4901	31,7228	4,1463	0,5569	1,9048	8,5097	0,5007	0,5506	0,1980	0,7297	0,8985	1,0993	
2AENp4_082	07.01.2020 19:18:47	42398990,63	12,43	1,34	245	213	7	2	0,19 %	762 PPM	267	2	3	6	1	0	0	55,5455	0,4454	2,9627	7,1668	3,0476	30,7742	3,4543	0,5543	2,2423	11,1145	0,5381	0,5254	0,2099	0,6346	0,8865	1,1298	
2AENp4_083	07.01.2020 19:31:05	41446762,50	12,27	1,36	331	280	7	2	0,21 %	0,10 %	377	2	4	6	1	0	0	54,3877	0,4395	2,9873	9,6930	4,0002	29,8734	3,7607	0,6301	2,9464	15,6963	0,7392	0,6695	0,2086	0,6423	0,9339	1,1158	
2AENp4_084	07.01.2020 19:43:20	44706753,13	12,87	1,36	40	86	8	2	0,17 %	401 PPM	44	1	2	6	1	0	0	58,3517	0,4610	2,9868	1,1661	1,2264	34,6910	3,4070	0,5008	1,1793	1,8168	0,2727	0,3440	0,2022	0,6018	0,8739	1,1376	
2AENp4_085	07.01.2020 19:55:40	41955525,00	13,02	1,38	205	188	8	2	0,29 %	990 PPM	190	1	4	6	1	0	0	55,0063	0,4664	3,0357	5,9987	2,6846	32,5362	3,4564	0,8554	2,9111	7,9173	0,4799	0,7191	0,2190	0,6717	0,9031	1,1351	
2AENp4_086	07.01.2020 20:08:00	41237906,25	12,94	1,37	289	232	7	2	0,32 %	0,11 %	249	2	4	6	1	0	0	54,1337	0,4637	3,0214	8,4451	3,3128	32,1467	3,6647	0,9708	3,3038	10,3421	0,6438	0,6172	0,2271	0,7639	0,8303	1,0748	
2AENp4_087	07.01.2020 20:20:18	40914975,00	12,76	1,38	325	247	7	2	0,31 %	0,12 %	285	2	3	6	1	0	0	53,7410	0,4571	3,0303	9,5060	3,5269	29,8279	3,4909	0,9241	3,4351	11,8605	0,6868	0,5841	0,2176	0,6509	0,9179	1,0796	
2AENp4_088	08.01.2020 09:58:41	43532175,00	11,79	1,36	168	193	7	4	0,13 %	569 PPM	240	2	6	7	2	0	0	56,9234	0,4222	2,9929	4,9185	2,7623	31,8684	6,1438	0,3790	1,6726	9,9774	0,6938	1,0186	0,2640	0,9681	0,9425	1,1485	
2AENp4_089	08.01.2020 10:11:00	43612590,63	11,92	1,35	132	169	7	4	0,14 %	529 PPM	189	2	4	7	2	0	0	57,0212	0,4269	2,9834	3,8575	2,4072	30,2882	6,6466	0,4189	1,5559	7,8729	0,7143	0,6576	0,2650	0,9663	0,9153	1,0871	
2AENp4_090	08.01.2020 10:23:58	44225378,13	11,99	1,35	114	161	8	4	0,11 %	453 PPM	167	2	3	7	2	0	0	57,7663	0,4297	2,9843	3,3473	2,3017	34,3012	5,7527	0,3269	1,3317	6,9528	0,5711	0,5035	0,2528	0,9365	0,8869	1,1190	
2AENp4_091	08.01.2020 11:10:50	43320312,50	11,93	1,35	167	177	8	3	0,11 %	493 PPM	205	2	3	8	2	0	0	56,6658	0,4273	2,9673	4,8808	2,5296	33,2745	5,3098	0,3414	1,4490	8,5172	0,6479	0,5739	0,2799	1,1743	0,8306	1,0726	
2AENp4_092	08.01.2020 10:36:17	43416106,25	11,83	1,35	173	185	8	3	0,12 %	509 PPM	217	2	3	7	2	0	0	56,7823	0,4239	2,9768	5,0646	2,6481	32,6905	5,4475	0,3460	1,4979	9,0104	0,6758	0,5763	0,2724	1,0296	0,8984	1,0990	
2AENp4_093	08.01.2020 10:48:34	44881215,63	12,12	1,35	53	101	8	3	0,11 %	297 PPM	67	2	3	7	2	0	0	58,5638	0,4342	2,9843	1,5634	1,4401	32,9545	5,2081	0,3389	0,8746	2,7913	0,5519	0,4427	0,2670	1,0237	1,0498	1,1289	
2AENp4_094	08.01.2020 11:23:42	44313062,50	12,09	1,33	119	138	7	3	0,15 %	516 PPM	162	3	3	7	2	0	0	57,8729	0,4331	2,9355	3,4732	1,9671	31,1481	4,2081	0,4565	1,5187	6,7591	0,8972	0,5908	0,2678	1,0294	0,9417	1,1130	
2AENp4_095	08.01.2020 11:36:32	43437953,13	11,78	1,33	186	186	8	3	0,11 %	526 PPM	229	2	4	7	2	0	0	56,8088	0,4219	2,9309	5,4297	2,6540	34,3352	4,1292	0,3221	1,5472	9,5211	0,6622	0,6336	0,2594	1,0446	0,9325	1,1083	
2AENp4_096	08.01.2020 11:48:53	43691553,13	11,94	1,34	177	184	7	2	0,11 %	524 PPM	232	2	3	7	2	0	0	57,1172	0,4278	2,9487	5,1642	2,6227	31,1684	4,0274	0,3141	1,5424	9,6520	0,6085	0,5936	0,2638	0,9755	0,9068	1,0919	
2AENp4_097	08.01.2020 12:01:12	43005221,88	11,54	1,38	194	202	8	4	953 PPM	535 PPM	233	3	4	10	3	0	0	56,2827	0,4134	3,0472	5,6624	2,8816	33,3319	6,3692	0,2849	1,5747	9,7033	0,8179	0,6812	0,3677	1,5058	0,9151	1,1326	
2AENp4_098	08.01.2020 12:13:31	43494050,00	11,93	1,37	153	174	7	4	956 PPM	452 PPM	193	2	4	10	3	0	0	56,8771	0,4274	3,0226	4,4719	2,4869	31,9557	6,4961	0,2856	1,3293	8,0479	0,7779	0,6655	0,3719	1,6365	0,8448	1,0781	
2AENp4_099	08.01.2020 12:25:50	43932493,75	11,95	1,38	100	147	8	4	888 PPM	374 PPM	135	2	4	10	3	0	0	57,4102	0,4280	3,0355	2,9325	2,0931	33,0903	6,2978	0,2655	1,0999	5,6310	0,6938	0,6076	0,3618	1,4917	0,9030	1,1350	
2AENp4_100	08.01.2020 12:38:05	40975987,50	11,67	1,61	80	284	9	12	0,12 %	298 PPM	79	6	6	34	9	0	0	53,8152	0,4181	3,5537	2,3306	4,0528	37,0333	19,1054	0,3540	0,8759	3,2718	2,0291	1,0889	1,2240	4,5679	0,9161	1,1229	
2AENp4_101	08.01.2020 12:50:20	40172218,75	11,75	1,65	126	338	9	13	0,13 %	361 PPM	123	7	7	37	10	0	0	52,8379	0,4208	3,6450	3,6766	4,8305	40,9836	21,2812	0,3951	1,0603	5,1162	2,3241	1,2274	1,3335	5,0429	0,9182	1,1741	
2AENp4_102	08.01.2020 13:02:35	40713240,63	11,53	1,62	100	298	9	12	0,12 %	336 PPM	102	6	6	34	9	0	0	53,4957	0,4130	3,5774	2,9395	4,2537	40,2592	19,4382	0,3675	0,9869	4,2300	2,0849	1,1095	1,2263	4,6436	0,8882	1,1079	
2AENp4_94UZ	10.01.2020 12:26:40	44550653,13	12,07	1,31	117	138	8	3	0,12 %	441 PPM	152	2	3	7	2	0	0	58,1618	0,4323	2,8883	3,4311	1,9699	32,6352	4,1951	0,3536	1,2974	6,3322	0,6345	0,5350	0,2599	1,0149	0,8945	1,0944	
2AENp5_1	08.01.2020 21:10:07	46934281,25	12,03	1,26	4	22	8	0	332 PPM	88 PPM	13	0	1	5	1	0	0	61,0602	0,4308	2,7754	0,1296	0,3116	33,9397	0,3438	0,0993	0,2588	0,5345	0,1137	0,1244	0,1948	0,6040	0,8129	1,0612	
2AENp5_103	08.01.2020 13:33:49	47893103,13	12,40	1,26	5	23	8	0	355 PPM	101 PPM	15	0	1	5	1	0	0	62,2261	0,4444	2,7810	0,1586	0,3234	32,6246	0,2564	0,1059	0,2978	0,6129	0,1195	0,1266	0,1956	0,5028	0,9490	1,1180	
2AENp5_104	08.01.2020 13:55:59	46154703,13	12,21	1,26	5	23	8	0	339 PPM	92 PPM	13	0	1	5	1	0	0	60,1123	0,4374	2,7752	0,1416	0,3352	35,2224	0,4986	0,1013	0,2702	0,5336	0,1132	0,1496	0,1847	0,6059	0,8019	1,0690	
2AENp5_105	08.01.2020 14:18:55	46569112,50	12,06	1,26	6	24	8	0	351 PPM	130 PPM	18	0	1	5	1	0	0	60,6162	0,4321	2,7770	0,1876	0,3375	32,5411	0,2711	0,1048	0,3827	0,7314	0,1475	0,2296	0,1984	0,5296	1,0144	1,1484	
2AENp5_106	08.01.2020 14:41:15	37574800,00	13,16	1,48	383	308	7	7	0,49 %	0,13 %	335	3	4	6	1	0	0	49,6795	0,4715	3,2508	11,2132	4,4016	30,8390	10,7291	1,4637	3,8161	13,9372	0,8362	0,7741	0,2115	0,7047	0,9038	1,1616	
2AENp5_107	08.01.2020 15:03:33	37848687,50	13,64	1,52	313	278	7	7	0,54 %	0,12 %	264	2	4	6	1	0	0	50,0126	0,4885	3,3434	9,1436	3,9691	29,3388	12,0473	1,6140	3,6722	10,9808	0,7412	0,7417	0,2127	0,6978	0,9043	1,1391	
2AENp5_108	08.01.2020 15:25:54	37259871,88	13,55	1,50	393	329	7	7	0,52 %	0,14 %	329	3	5	6	1	0	0	49,2966	0,4855	3,2950	11,4981	4,6957	30,0686	11,5706	1,5618	4,1172	13,7006	0,8205	0,7975	0,2173	0,6888	0,9563	1,1260	
2AENp5_109	08.01.2020 15:48:35	38887634,38	13,17	1,45	370	332	7	7	0,52 %	0,14 %	358	4	5	6	2	0	0	51,2759	0,4719	3,2021	10,8266	4,7362	30,2542	10,5234	1,5632	4,1201	14,9038	1,3101	0,8259	0,2284	0,8857	0,9221	1,1230	
2AENp5_110	08.01.2020 16:10:54	38856100,00	13,45	1,47	312	285	7	7	0,60 %	0,13 %	274	5	4	6	2	0	0	51,2375	0,4819	3,2406	9,1190	4,0687	32,1963	11,2312	1,7830	3,9506	11,4184	1,6299	0,7553	0,2265	0,8922	0,8998	1,1109	
2AENp5_110UZ	09.01.2020 10:07:42	39654784,38	13,51	1,46	314	289	7	7	0,59 %	0,13 %	272	5	4	6	2	0	0	52,2087	0,4840	3,2112	9,2003	4,1263	31,6313	11,3129	1,7489	3,9067	11,3232	1,5356	0,7343	0,2209	0,9036	0,9229	1,1415	
2AENp5_111	08.01.2020 16:33:35	39103709,38	13,18	1,46	329	296	7	7	0,51 %	0,13 %	303	3	4	6	2	0	0	51,5386	0,4722	3,2111	9,6189	4,2251	31,1846	10,7337	1,5312	3,7879	12,5942	1,0507	0,7519	0,2263	0,9973	0,9167	1,1046	
2AENp5_112	08.01.2020 16:55:55	42372812,50	11,85	1,37	223	226	7	4	0,15 %	728 PPM	315	3	4	7	2	0	0	55,5137	0,4245	3,0088	6,5235	3,2203	32,1034	6,2377	0,4610	2,1415	13,0934	0,8839	0,6553	0,2463	0,9997	0,9588	1,1396	
2AENp5_113	08.01.2020 17:18:09	42113659,38	12,13	1,37	230	237	7	4	0,17 %	793 PPM	291	3	4	7	2	0	0	55,1986	0,4346	3,0165	6,7188	3,3860	28,9603	6,9876	0,4944	2,3334	12,1130	0,8759	0,6839	0,2570	1,1625	0,9172	1,1702	
2AENp5_114	08.01.2020 17:40:27	42642918,75	12,03	1,36	186	206	7	4	0,15 %	624 PPM	243	2	4	7	2	0	0	55,8421	0,4309	2,9899	5,4519	2,9461	32,1391	6,0460	0,4409	1,8362	10,0978	0,7081	0,6073	0,2440	1,0193	0,9129	1,1451	
2AENp5_115	08.01.2020 17:52:45	42226818,75	11,86	1,43	157	191	8	7	0,12 %	557 PPM	224	3	4	8	3	0	0	55,3362	0,4249	3,1470	4,5921	2,7297	35,1426	11,8094	0,3722	1,6374	9,2994	0,9544	0,7096	0,3009	1,3467	0,9033	1,1235	
2AENp5_116	08.01.2020 18:05:04	42322640,63	11,78	1,44	148	193	8	8	0,13 %	557 PPM	220	3	4	9	3	0	0	55,4527	0,4220	3,1809	4,3416	2,7551	32,6939	12,9060	0,3789	1,6387	9,1670	1,0428	0,7444	0,3126	1,4361	0,9068	1,1286	
2AENp5_117	08.01.2020 18:17:24	42476440,63	11,86	1,44	148	186	7	7	0,12 %	563 PPM	206	3	4	8	3	0	0	55,6397	0,4249	3,1764	4,3349	2,6525	31,3912	11,7765	0,3529	1,6544	8,5871	0,8790	0,7221	0,3076	1,3461	0,8887	1,0934	
2AENp5_118	08.01.2020 18:29:45	42551456,25	11,64	1,40	213	214	8	5	0,10 %	581 PPM	267	3	4	9	3	0	0	55,7309	0,4170	3,0748	6,2313	3,0536	32,8993	8,6023	0,3006	1,7075	11,0977	0,9062	0,7189	0,3179	1,4156	0,8933	1,1080	
2AENp5_119	08.01.2020 18:42:05	44639512,50	11,63	1,25	225	150	8	3	852 PPM	554 PPM	277	3	4	9	3	0	0	58,2699	0,4167	2,7548	6,5949	2,1450	34,1143	4,0400	0,2545	1,6291	11,5424	0,9126	0,7109	0,3164	1,4951	0,8847	1,1219	
2AENp5_120	08.01.2020 18:54:24	44037675,00	11,96	1,41	57	126	8	5	960 PPM	276 PPM	63	2	3	9	3	0	0	57,5381	0,4283	3,0984	1,6647	1,7926	34,1241	8,4274	0,2868	0,8131	2,6088	0,6741	0,5738	0,3107	1,4147	0,8976	1,1374	
2AENp5_121	08.01.2020 19:06:42	42897478,13	11,83	1,38	211	222	7	5	928 PPM	600 PPM	295	3	5	9	3	0	0	56,1517	0,4237	3,0468	6,1641	3,1624	32,1191	7,3106	0,2772	1,7642	12,2603	0,9294	0,8877	0,3348	1,6048	0,8452	1,0783	
2AENp5_122	08.01.2020 19:19:00	44093037,50	12,03	1,40	51	131	8	5	880 PPM	329 PPM	58	2	4	10	3	0	0	57,6054	0,4311	3,0857	1,4902	1,8667	34,3612	8,4184	0,2630	0,9676	2,4321	0,7219	0,7150	0,3465	1,7304	0,9518	1,1319	
2AENp5_123	08.01.2020 19:31:18	44054040,63	11,96	1,39	73	137	8	5	893 PPM	322 PPM	93	2	4	9	3	0	0	57,5580	0,4286	3,0595	2,1387	1,9526	33,1004	7,5599	0,2669	0,9469	3,8655	0,7601	0,6521	0,3287	1,5229	0,8913	1,1001	
2AENp5_123UZ	09.01.2020 10:20:03	44432253,13	11,85	1,37	73	136	8	5	819 PPM	313 PPM	91	2	4	9	3	0	0	58,0179	0,4244	3,0166	2,1232	1,9452	32,8660	7,6092	0,2446	0,9192	3,8044	0,7039	0,6557	0,3320	1,5146	0,8951	1,1005	
2AENp5_124	08.01.2020 19:43:32	40045831,25	11,34	1,57	250	368	9	12	0,11 %	597 PPM	284	7	7	18	8	0	0	52,6842	0,4063	3,4674	7,3075	5,2488	38,4561	19,3270	0,3365	1,7557	11,8182	2,2396	1,1992	0,6725	4,3370	0,9250	1,1211	
2AENp5_125	08.01.2020 19:55:48	39742615,63	11,43	1,60	207	359	9	13	0,12 %	547 PPM	239	7	7	19	9	0	0	52,3155	0,4093	3,5218	6,0560	5,1201	39,5430	20,7063	0,3585	1,6083	9,9242	2,3406	1,1717	0,6878	4,5894	0,9060	1,0934	
2AENp5_126	08.01.2020 20:08:07	40430862,50	11,46	1,59	152	315	9	12	0,11 %	450 PPM	166	7	7	19	8	0	0	53,1524	0,4106	3,4946	4,4516	4,4899	39,6213	19,4608	0,3395	1,3234	6,9134	2,1240	1,1536	0,6772	4,4050	0,9078	1,1381	
2AENp5_127	08.01.2020 20:20:24	42360096,88	11,51	1,57	30	237	9	12	985 PPM	199 PPM	22	6	5	17	8	0	0	55,4982	0,4124	3,4556	0,8860	3,3887	39,7160	18,7939	0,2942	0,5853	0,9029	1,8088	0,8742	0,6331	4,1297	0,9081	1,1514	
2AENp5_128	08.01.2020 20:32:40	40963637,50	11,51	1,58	159	321	8	13	0,11 %	485 PPM	228	7	7	19	9	0	0	53,8002	0,4122	3,4723	4,6590	4,5836	35,5871	20,4594	0,3265	1,4270	9,4667	2,2312	1,1282	0,6764	4,4592	0,9356	1,1261	
2AENp5_129	08.01.2020 20:45:35	41439887,50	11,56	1,57	116	285	9	12	0,10 %	377 PPM	151	6	6	18	8	0	0	54,3793	0,4141	3,4565	3,3968	4,0640	39,4949	19,3190	0,3073	1,1092	6,2731	2,0319	0,9904	0,6526	4,2302	0,9235	1,1512	
2AENp5_130	08.01.2020 20:57:52	46969050,00	12,14	1,26	6	22	7	0	351 PPM	88 PPM	16	0	1	5	1	0	0	61,1025	0,4350	2,7740	0,1737	0,3159	31,0992	0,4709	0,1048	0,2591	0,6702	0,1537	0,1436	0,1903	0,4991	0,9239	1,0990	
2AENp6_132	08.01.2020 21:22:24	46713812,50	12,02	1,25	6	24	7	0	338 PPM	94 PPM	29	0	2	6	1	0	0	60,7921	0,4307	2,7605	0,1807	0,3421	31,4588	0,4235	0,1010	0,2777	1,1996	0,1513	0,3816	0,2017	0,5343	0,9249	1,1294	
2AENp6_133	08.01.2020 21:34:42	44209053,13	11,83	1,38	65	127	8	5	592 PPM	274 PPM	136	2	8	7	3	0	0	57,7465	0,4239	3,0382	1,8922	1,8062	34,2711	7,5977	0,1770	0,8056	5,6448	0,7673	1,3659	0,2395	1,5252	0,9259	1,1210	
2AENp6_134	08.01.2020 21:47:03	44131756,25	11,75	1,37	112	157	8	5	593 PPM	426 PPM	222	3	6	6	3	0	0	57,6525	0,4209	3,0270	3,2847	2,2478	33,8009	7,7285	0,1770	1,2534	9,2375	0,8722	1,0063	0,2341	1,5450	0,8736	1,0993	
2AENp6_135	08.01.2020 21:59:23	44068962,50	11,82	1,38	104	150	8	5	612 PPM	365 PPM	179	3	5	7	3	0	0	57,5761	0,4235	3,0392	3,0410	2,1345	34,2728	8,2116	0,1827	1,0744	7,4543	0,8922	0,8827	0,2397	1,5826	1,0243	1,1547	
2AENp6_136	09.01.2020 10:32:22	44976856,25	11,95	1,35	17	79	8	4	620 PPM	173 PPM	39	1	4	6	2	0	0	58,6801	0,4282	2,9655	0,4833	1,1231	34,4025	6,5297	0,1851	0,5101	1,6092	0,4719	0,6918	0,2363	1,2080	0,8165	1,0674	
2AENp6_137	09.01.2020 10:44:41	44691762,50	11,85	1,35	74	127	8	4	630 PPM	333 PPM	157	2	4	6	2	0	0	58,3334	0,4246	2,9710	2,1515	1,8079	33,5483	6,8626	0,1882	0,9789	6,5188	0,6592	0,6612	0,2337	1,1451	0,8835	1,1130	
2AENp6_138	09.01.2020 10:57:47	44765596,88	11,83	1,35	45	99	8	4	663 PPM	269 PPM	88	2	3	6	2	0	0	58,4232	0,4236	2,9655	1,3251	1,4139	34,1331	6,3685	0,1982	0,7909	3,6557	0,5557	0,5546	0,2314	1,0970	0,8768	1,1030	
2AENp6_139	09.01.2020 11:10:05	43354734,38	13,36	1,42	48	115	8	4	0,27 %	747 PPM	45	1	3	5	1	0	0	56,7077	0,4786	3,1278	1,4072	1,6368	33,8265	5,7626	0,8029	2,1955	1,8753	0,2752	0,4349	0,1916	0,5484	0,8819	1,1256	
2AENp6_140	09.01.2020 11:22:24	40623718,75	12,88	1,40	308	260	7	4	0,31 %	0,12 %	274	2	4	6	1	0	0	53,3869	0,4613	3,0833	9,0239	3,7055	30,4786	5,7474	0,9277	3,6003	11,4049	0,7601	0,6142	0,2029	0,5910	0,9064	1,0974	
2AENp6_141	09.01.2020 11:35:55	41400131,25	12,79	1,40	258	257	7	4	0,29 %	0,11 %	263	2	3	6	1	0	0	54,3310	0,4583	3,0757	7,5612	3,6718	30,5396	5,6951	0,8655	3,3284	10,9557	0,6942	0,5806	0,2065	0,5766	0,9286	1,1486	
2AENp6_142	09.01.2020 11:48:18	38409184,38	12,47	1,36	728	286	7	4	0,34 %	0,14 %	694	3	4	6	1	0	0	50,6941	0,4466	3,0046	21,3095	4,0877	29,3588	5,8685	1,0088	4,2374	28,8534	0,9644	0,7407	0,2068	0,7156	0,9894	1,1449	
2AENp6_143	09.01.2020 12:00:38	40856915,63	12,92	1,40	280	237	7	4	0,28 %	0,12 %	237	2	4	6	1	0	0	53,6704	0,4630	3,0873	8,1889	3,3785	30,9343	5,8652	0,8255	3,5482	9,8502	0,6225	0,6141	0,2022	0,7330	0,9550	1,1267	
2AENp6_144	09.01.2020 12:12:57	40065090,63	12,79	1,39	349	281	7	4	0,27 %	0,13 %	319	2	4	6	1	0	0	52,7076	0,4583	3,0598	10,2049	4,0125	30,6487	5,7644	0,8042	3,7469	13,2871	0,6836	0,6746	0,2004	0,7154	0,9162	1,1245	
2AENp6_145	09.01.2020 12:25:16	41282575,00	12,40	1,52	76	110	7	11	0,22 %	584 PPM	81	2	2	6	1	0	0	54,1880	0,4443	3,3398	2,2093	1,5710	29,5276	18,3742	0,6665	1,7176	3,3852	0,5602	0,3934	0,2094	0,5999	0,8964	1,0922	
2AENp6_146	09.01.2020 12:37:36	39447506,25	11,99	1,49	301	251	7	11	0,22 %	905 PPM	326	3	3	6	1	0	0	51,9567	0,4294	3,2865	8,8035	3,5801	30,7032	17,8732	0,6599	2,6612	13,5547	0,9149	0,5849	0,2057	0,5932	0,9684	1,1306	
2AENp6_147	09.01.2020 12:49:54	40821040,63	12,20	1,49	112	123	7	11	0,20 %	570 PPM	165	2	8	6	1	0	0	53,6268	0,4370	3,2936	3,2685	1,7575	30,6537	17,4601	0,5955	1,6764	6,8724	0,5576	1,4565	0,2101	0,5914	0,9114	1,1025	
2AENp6_148	09.01.2020 13:02:11	44603753,13	11,81	1,34	58	77	8	3	820 PPM	273 PPM	70	1	2	6	1	0	0	58,2264	0,4230	2,9594	1,7105	1,1008	32,7635	5,6133	0,2450	0,8018	2,9325	0,3361	0,4304	0,2236	0,6948	0,8667	1,1128	
2AENp6_149	09.01.2020 13:14:30	41670365,63	11,44	1,33	420	295	7	3	883 PPM	932 PPM	567	3	5	6	1	0	0	54,6595	0,4097	2,9350	12,2925	4,2106	31,0113	5,4634	0,2638	2,7398	23,5993	0,9085	0,8558	0,2226	0,6916	0,9030	1,0742	
2AENp6_150	09.01.2020 13:26:52	44746587,50	11,99	1,33	65	79	7	3	804 PPM	288 PPM	82	1	2	6	1	0	0	58,4001	0,4294	2,9332	1,8993	1,1245	32,1127	5,2902	0,2403	0,8474	3,4118	0,3275	0,3931	0,2222	0,7371	0,9070	1,1332	
2AENp6_151	09.01.2020 13:39:10	45555893,75	12,00	1,33	35	77	7	3	633 PPM	228 PPM	67	1	3	6	2	0	0	59,3842	0,4300	2,9220	1,0214	1,0925	28,4344	4,4458	0,1890	0,6718	2,7675	0,3451	0,5069	0,2285	0,8542	0,9197	1,1026	
2AENp6_152	09.01.2020 13:51:27	44933787,50	11,78	1,32	83	109	7	3	628 PPM	377 PPM	149	1	3	6	2	0	0	58,6277	0,4219	2,9049	2,4367	1,5597	28,9831	4,5289	0,1878	1,1079	6,2193	0,4483	0,5925	0,2318	0,8750	0,9130	1,1577	
2AENp6_153	09.01.2020 14:03:45	45731406,25	11,92	1,31	52	84	8	2	598 PPM	244 PPM	94	1	3	6	2	0	0	59,5976	0,4271	2,8956	1,5165	1,2014	32,5213	3,9153	0,1786	0,7170	3,9277	0,3522	0,5540	0,2219	0,8078	0,9595	1,1028	
2AENp6_184	10.01.2020 13:52:59	39230331,25	13,02	1,63	115	225	8	9	0,34 %	858 PPM	91	2	8	6	6	0	0	51,6926	0,4663	3,5880	3,3710	3,2181	33,3913	14,3191	1,0083	2,5240	3,8019	0,6895	1,3475	0,2290	3,2809	0,9670	1,1575	
2AENp6_185	10.01.2020 14:05:20	36871090,63	12,29	1,63	47	255	8	10	0,32 %	803 PPM	206	2	30	7	6	0	0	48,8239	0,4401	3,6001	1,3611	3,6343	33,2435	16,4132	0,9449	2,3622	8,5595	0,6751	5,2566	0,2375	3,3466	0,9518	1,1396	
2AENp6_186	10.01.2020 14:17:40	38009140,63	12,78	1,66	47	269	8	11	0,35 %	837 PPM	110	2	21	7	8	0	0	50,2077	0,4577	3,6539	1,3634	3,8336	33,3649	17,6128	1,0534	2,4622	4,5806	0,7386	3,5799	0,2380	4,0126	0,9363	1,1209	
2AENp6_187	10.01.2020 13:15:58	43911250,00	14,09	1,39	45	95	7	2	0,34 %	628 PPM	41	1	2	6	2	0	0	57,3844	0,5047	3,0562	1,3097	1,3620	30,9155	3,3170	1,0015	1,8481	1,6984	0,3653	0,4203	0,2046	0,8730	0,9125	1,1204	
2AENp6_188	10.01.2020 13:28:18	43972925,00	13,87	1,39	31	88	7	2	0,32 %	604 PPM	35	1	2	6	2	0	0	57,4594	0,4970	3,0575	0,8991	1,2522	31,8736	3,3038	0,9635	1,7754	1,4483	0,3565	0,4020	0,2061	0,8875	0,9033	1,1135	
2AENp6_189	10.01.2020 13:40:37	43841918,75	14,18	1,39	32	95	7	2	0,33 %	617 PPM	31	1	2	5	2	0	0	57,3001	0,5079	3,0596	0,9437	1,3496	32,4275	3,4337	0,9899	1,8144	1,2886	0,3851	0,3954	0,1982	0,8594	0,8958	1,0961	
2AENp6_190	10.01.2020 14:30:22	45138575,00	13,04	1,33	28	64	7	1	0,16 %	391 PPM	32	1	2	5	2	0	0	58,8767	0,4673	2,9331	0,8210	0,9188	32,3503	1,8697	0,4760	1,1513	1,3432	0,2415	0,3203	0,1975	0,7868	0,9212	1,1059	
2AENp6_191	10.01.2020 14:42:42	44408515,63	12,70	1,32	70	93	8	1	0,15 %	516 PPM	79	1	2	5	1	0	0	57,9890	0,4551	2,9082	2,0346	1,3238	33,2859	1,8123	0,4354	1,5175	3,2940	0,2854	0,4103	0,1951	0,7473	0,9440	1,1202	
2AENp6_192	10.01.2020 14:55:01	44984000,00	12,98	1,34	31	66	8	1	0,16 %	391 PPM	35	1	2	6	2	0	0	58,6888	0,4651	2,9502	0,9022	0,9475	32,5414	1,8442	0,4697	1,1490	1,4751	0,2610	0,3147	0,2051	0,8385	0,9506	1,1210	
2AENp6_193	10.01.2020 15:07:23	43544893,75	12,34	1,44	36	98	8	6	950 PPM	424 PPM	35	2	2	6	3	0	0	56,9389	0,4419	3,1751	1,0573	1,3964	34,3924	9,0941	0,2839	1,2480	1,4532	0,5686	0,3502	0,2067	1,4648	0,8853	1,1163	
2AENp6_194	10.01.2020 15:19:38	43564265,63	12,39	1,43	32	95	9	5	939 PPM	400 PPM	30	2	2	5	3	0	0	56,9624	0,4437	3,1434	0,9338	1,3603	37,3371	8,7192	0,2806	1,1753	1,2339	0,5392	0,3326	0,1977	1,4258	0,8848	1,1063	
2AENp6_195	10.01.2020 15:31:57	43233853,13	12,48	1,44	41	97	7	6	985 PPM	428 PPM	44	2	2	6	3	0	0	56,5607	0,4472	3,1655	1,1920	1,3861	30,6730	9,2854	0,2943	1,2582	1,8272	0,5850	0,3727	0,2095	1,5099	0,9148	1,1038	
2AENp6_199	10.01.2020 12:38:59	37137643,75	14,50	1,74	91	371	8	13	0,56 %	0,12 %	106	5	10	7	9	1	0	49,1480	0,5196	3,8254	2,6597	5,2963	36,7282	21,6412	1,6659	3,5622	4,4201	1,7044	1,7594	0,2489	4,4983	1,1808	1,1764	
2AENp6_200	10.01.2020 12:51:19	34312840,63	13,71	1,72	348	498	8	13	0,53 %	0,15 %	321	6	12	7	9	0	0	45,7131	0,4911	3,7958	10,1864	7,1022	35,9368	21,6242	1,5952	4,4303	13,3487	2,0553	2,1013	0,2543	4,4588	1,0301	1,1321	
2AENp6_201	10.01.2020 13:03:39	34873768,75	13,65	1,73	270	465	9	13	0,55 %	0,14 %	249	6	11	7	8	0	0	46,3952	0,4891	3,8036	7,9052	6,6325	37,4673	21,2751	1,6480	4,2148	10,3397	1,9824	1,8325	0,2406	4,3373	1,0668	1,1124	
2AENp6mq_208	13.01.2020 10:45:36	46983312,50	11,80	1,26	6	22	7	0	341 PPM	87 PPM	17	0	1	6	1	0	0	61,1198	0,4229	2,7857	0,1668	0,3085	32,0733	0,2583	0,1018	0,2570	0,7152	0,1421	0,1492	0,2006	0,5567	0,9332	1,1281	
2AENp6mq_209	13.01.2020 10:57:51	47079090,63	12,08	1,26	5	23	8	0	353 PPM	89 PPM	15	0	1	5	1	0	0	61,2363	0,4328	2,7806	0,1594	0,3230	33,4033	0,2856	0,1054	0,2618	0,6139	0,1348	0,1319	0,1927	0,5230	0,8786	1,1400	
2AENp6mq_210	13.01.2020 11:10:07	46891143,75	12,10	1,26	5	22	8	0	333 PPM	91 PPM	17	0	1	5	1	0	0	61,0078	0,4336	2,7724	0,1557	0,3140	33,7000	0,3132	0,0996	0,2673	0,7007	0,1374	0,1442	0,1959	0,5217	0,9128	1,1215	
2AENp7_157	09.01.2020 14:28:17	46978065,63	12,02	1,26	7	24	7	0	333 PPM	88 PPM	18	0	1	5	1	0	0	61,1135	0,4307	2,7697	0,2021	0,3356	31,2298	0,2909	0,0996	0,2583	0,7462	0,1279	0,1543	0,1987	0,5156	0,8657	1,1201	
2AENp7_157	09.01.2020 14:16:01	46884665,63	12,14	1,27	5	23	8	0	335 PPM	80 PPM	13	0	1	5	1	0	0	60,9999	0,4348	2,7990	0,1388	0,3342	34,3256	0,3063	0,1000	0,2366	0,5606	0,1247	0,1247	0,1896	0,5319	0,8869	1,0859	
2AENp7_158	09.01.2020 16:43:46	47202212,50	12,20	1,25	7	24	7	0	339 PPM	90 PPM	18	0	1	5	1	0	0	61,3860	0,4370	2,7489	0,1985	0,3371	31,3480	0,2983	0,1012	0,2646	0,7481	0,1301	0,1449	0,1978	0,5123	0,8661	1,1126	
2AENp7_159	09.01.2020 14:40:34	47113003,13	11,92	1,26	4	21	7	0	345 PPM	81 PPM	13	0	1	5	1	0	0	61,2775	0,4271	2,7652	0,1222	0,3047	30,4983	0,3195	0,1032	0,2379	0,5470	0,1334	0,1374	0,1927	0,5196	0,9240	1,0986	
2AENp7_160	09.01.2020 14:52:51	45396525,00	12,16	1,32	48	79	8	2	517 PPM	227 PPM	73	1	3	7	2	0	0	59,1904	0,4357	2,9137	1,4053	1,1274	34,0670	3,2808	0,1545	0,6676	3,0556	0,3792	0,4891	0,2606	1,1023	0,8288	1,0852	
2AENp7_161	09.01.2020 15:05:14	44777140,63	12,02	1,32	26	85	8	2	504 PPM	172 PPM	135	1	14	7	2	0	0	58,4372	0,4307	2,9128	0,7551	1,2161	32,8990	3,5002	0,1504	0,5055	5,6074	0,4311	2,4547	0,2727	1,0612	0,8909	1,1217	
2AENp7_162	09.01.2020 15:17:33	45632187,50	12,14	1,32	27	68	8	2	508 PPM	195 PPM	51	1	3	7	2	0	0	59,4769	0,4350	2,9060	0,8003	0,9730	33,8898	3,1448	0,1517	0,5729	2,1246	0,3544	0,5728	0,2645	0,9914	0,8811	1,1086	
2AENp7_163	09.01.2020 15:29:51	44915409,38	11,73	1,30	163	148	7	1	464 PPM	511 PPM	329	2	7	6	2	0	0	58,6054	0,4202	2,8687	4,7827	2,1071	32,1753	1,8726	0,1385	1,5041	13,6867	0,5390	1,2124	0,2185	0,8580	1,0368	1,1415	
2AENp7_164	09.01.2020 15:42:11	44772928,13	11,72	1,30	144	139	7	1	461 PPM	491 PPM	309	2	8	6	2	0	0	58,4321	0,4200	2,8686	4,2109	1,9857	31,7661	2,1499	0,1378	1,4444	12,8707	0,5328	1,4379	0,2185	0,8767	0,9505	1,0999	
2AENp7_165	09.01.2020 15:54:30	45348765,63	11,86	1,29	24	68	8	1	432 PPM	153 PPM	130	1	14	6	2	0	0	59,1323	0,4250	2,8409	0,6878	0,9693	35,2866	1,7499	0,1292	0,4497	5,3935	0,2556	2,3921	0,2105	0,8058	0,8766	1,1156	
2AENp7_166	09.01.2020 16:06:48	44791031,25	11,70	1,28	149	129	8	1	433 PPM	389 PPM	225	1	5	6	2	0	0	58,4541	0,4192	2,8285	4,3578	1,8428	35,3144	1,8590	0,1294	1,1440	9,3436	0,4354	0,7952	0,2049	0,8575	0,8828	1,1274	
2AENp7_167	09.01.2020 16:19:07	44701290,63	11,75	1,29	155	147	7	1	454 PPM	448 PPM	267	2	8	6	3	0	0	58,3450	0,4208	2,8466	4,5324	2,0951	31,3455	1,9986	0,1357	1,3164	11,1135	0,5150	1,4005	0,2207	1,3505	0,8553	1,0678	
2AENp7_168	09.01.2020 16:31:28	44911859,38	11,91	1,28	138	136	7	1	453 PPM	423 PPM	282	1	10	6	2	0	0	58,6011	0,4265	2,8243	4,0331	1,9474	31,5208	1,7791	0,1352	1,2450	11,7185	0,4665	1,7945	0,2104	0,8070	0,9012	1,1050	
2AENp7_202	10.01.2020 15:44:16	42327903,13	13,21	1,48	22	182	8	5	0,25 %	670 PPM	38	2	6	6	6	0	0	55,4591	0,4734	3,2653	0,6347	2,6033	34,7202	8,2550	0,7350	1,9696	1,5754	0,5188	0,9633	0,2182	3,3162	0,8576	1,0813	
2AENp7_203	10.01.2020 15:56:37	41595362,50	13,55	1,53	51	204	7	6	0,29 %	933 PPM	56	2	6	6	7	0	0	54,5683	0,4855	3,3607	1,4905	2,9105	30,4075	8,9864	0,8781	2,7438	2,3223	0,6040	1,0147	0,2283	3,4855	0,9545	1,1785	
2AENp7_204	10.01.2020 16:08:56	41249312,50	13,62	1,50	59	207	7	6	0,30 %	816 PPM	62	2	6	6	7	0	0	54,1476	0,4880	3,3129	1,7226	2,9540	32,3992	8,9678	0,8873	2,3997	2,5653	0,6412	0,9949	0,2168	3,4982	0,9276	1,1111	
2AENp7_214	13.01.2020 11:59:12	43235475,00	12,76	1,39	34	124	8	4	0,15 %	360 PPM	98	2	14	6	4	0	0	56,5626	0,4570	3,0652	1,0020	1,7699	35,5673	6,4446	0,4496	1,0592	4,0747	0,6414	2,3494	0,2132	2,0387	0,8517	1,0732	
2AENp7_215	13.01.2020 12:11:32	44712015,63	13,10	1,39	12	105	8	4	0,15 %	333 PPM	16	2	6	6	4	0	0	58,3581	0,4692	3,0543	0,3456	1,5011	33,2509	5,8832	0,4439	0,9802	0,6480	0,5457	1,0464	0,2030	1,8277	0,9008	1,1091	
2AENp7_216	13.01.2020 12:23:50	44783368,75	12,65	1,36	10	93	8	3	0,12 %	285 PPM	18	1	6	6	3	0	0	58,4448	0,4533	3,0015	0,2960	1,3304	34,6599	5,1204	0,3680	0,8392	0,7399	0,4563	1,0010	0,2007	1,6598	0,9028	1,0861	
2AENp7_217	13.01.2020 12:36:09	44234856,25	12,82	1,39	17	97	8	3	0,17 %	435 PPM	17	1	3	6	3	0	0	57,7778	0,4594	3,0544	0,4887	1,3908	32,8908	4,4155	0,5191	1,2784	0,7126	0,4657	0,4499	0,2120	1,5049	0,8969	1,1039	
2AENp7_218	13.01.2020 12:48:26	44244375,00	12,74	1,37	21	92	8	2	0,16 %	393 PPM	25	1	2	5	2	0	0	57,7894	0,4565	3,0095	0,6019	1,3147	35,9591	4,0188	0,4854	1,1562	1,0304	0,4317	0,4198	0,1991	1,2513	0,9953	1,1282	
2AENp7_219	13.01.2020 13:00:45	44543712,50	12,81	1,36	25	91	8	2	0,16 %	411 PPM	28	1	3	6	2	0	0	58,1534	0,4590	3,0014	0,7246	1,3007	33,4103	3,8697	0,4887	1,2089	1,1734	0,4394	0,4511	0,2007	1,2174	0,9264	1,1179	
2AENp7_220	13.01.2020 13:13:03	45126762,50	12,79	1,37	12	72	8	2	0,12 %	271 PPM	22	1	2	5	2	0	0	58,8624	0,4581	3,0097	0,3620	1,0267	33,3863	3,6558	0,3459	0,7958	0,8974	0,3233	0,3809	0,1991	1,0352	1,0193	1,1334	
2AENp7_221	13.01.2020 13:25:24	44968859,38	12,65	1,38	10	77	8	2	0,12 %	297 PPM	14	1	2	6	2	0	0	58,6704	0,4532	3,0314	0,2975	1,1063	32,8223	3,9508	0,3730	0,8733	0,5970	0,3232	0,2673	0,2026	1,0575	0,9036	1,1415	
2AENp7_222	13.01.2020 13:37:43	44891887,50	12,99	1,38	9	80	8	3	0,12 %	280 PPM	14	1	2	5	2	0	0	58,5768	0,4652	3,0319	0,2767	1,1376	32,8670	4,0785	0,3672	0,8249	0,5653	0,3408	0,2893	0,1942	1,1270	0,9121	1,0909	
2AENp7_226	13.01.2020 14:27:51	43992259,38	12,21	1,35	122	118	7	3	0,11 %	475 PPM	154	1	3	6	1	0	0	57,4829	0,4373	2,9750	3,5601	1,6844	31,8743	5,4797	0,3386	1,3980	6,3925	0,3990	0,4411	0,2195	0,7129	0,9096	1,1442	
2AENp7_227	13.01.2020 14:40:08	45177143,75	12,29	1,35	25	63	7	3	0,10 %	306 PPM	54	1	4	6	1	0	0	58,9236	0,4401	2,9771	0,7230	0,9002	31,6523	4,9754	0,3009	0,8990	2,2611	0,2679	0,6442	0,2151	0,6537	0,9327	1,1042	
2AENp7_228	13.01.2020 14:52:27	43317584,38	12,15	1,35	157	167	8	3	0,11 %	604 PPM	231	1	4	6	2	0	0	56,6625	0,4352	2,9637	4,5966	2,3845	34,0777	5,4944	0,3381	1,7775	9,5904	0,4537	0,6743	0,2114	0,7831	0,8201	1,0830	
2AENp7_229	13.01.2020 15:04:50	41319615,63	12,88	1,42	253	198	7	3	0,24 %	0,11 %	204	1	5	6	1	0	0	54,2331	0,4616	3,1253	7,3893	2,8308	30,9360	5,1238	0,7039	3,1120	8,5032	0,4420	0,8813	0,2041	0,5881	0,9005	1,1395	
2AENp7_230	13.01.2020 15:17:12	39626609,38	12,22	1,41	446	310	7	3	0,23 %	0,13 %	384	2	6	6	1	0	0	52,1744	0,4377	3,1078	13,0487	4,4322	30,6468	5,1566	0,6990	3,8864	15,9766	0,6054	1,0891	0,2029	0,5851	0,9206	1,1513	
2AENp7_231	13.01.2020 15:29:33	41315603,13	12,92	1,43	238	199	8	3	0,23 %	0,10 %	172	1	3	5	1	0	0	54,2282	0,4629	3,1464	6,9585	2,8387	33,9930	5,0560	0,6895	3,0387	7,1466	0,3868	0,5532	0,1893	0,5538	0,8766	1,0973	
2AENp7mq_211	13.01.2020 11:22:23	46910850,00	12,00	1,26	5	25	7	0	358 PPM	107 PPM	15	0	1	5	1	0	0	61,0317	0,4298	2,7730	0,1490	0,3561	31,0086	0,5063	0,1069	0,3142	0,6332	0,1355	0,1980	0,1984	0,5789	0,8880	1,0785	
2AENp7mq_212	13.01.2020 11:34:38	47039450,00	12,00	1,25	5	21	8	0	333 PPM	95 PPM	15	0	1	5	1	0	0	61,1881	0,4300	2,7592	0,1363	0,2989	32,8203	0,2989	0,0994	0,2789	0,6156	0,1368	0,1660	0,1910	0,5242	0,8650	1,1096	
2AENp7mq_213	13.01.2020 11:46:56	46681103,13	12,02	1,26	4	24	7	0	333 PPM	88 PPM	15	0	1	5	1	0	0	60,7524	0,4305	2,7706	0,1224	0,3494	31,3592	0,4472	0,0996	0,2598	0,6444	0,1372	0,1622	0,1979	0,5825	0,8921	1,1096	